0.000000000000000000e+00 0.000000000000000000e+00 3.333333507180213928e-02 0.000000000000000000e+00 0.000000000000000000e+00
3.332716226577758789e-02 -1.533381193876266479e-01 3.333333507180213928e-02 -1.083504930138587952e-01 9.994444847106933594e-01
5.899167805910110474e-02 -1.932303160429000854e-01 2.791580930352210999e-02 -2.135291695594787598e-01 1.999144554138183594e+00
7.724611461162567139e-02 -1.332522332668304443e-01 1.723935082554817200e-02 -2.946251034736633301e-01 2.999024629592895508e+00
8.782298862934112549e-02 -1.121029257774353027e-03 2.508095465600490570e-03 -3.386066257953643799e-01 3.998991012573242188e+00
9.027502685785293579e-02 1.697120219469070435e-01 -1.442223694175481796e-02 -3.424353599548339844e-01 4.998988151550292969e+00
8.433800935745239258e-02 3.457156419754028320e-01 -3.154400363564491272e-02 -3.111883997917175293e-01 5.999006271362304688e+00
7.007642090320587158e-02 4.963192939758300781e-01 -4.710342362523078918e-02 -2.541519403457641602e-01 6.999053955078125000e+00
4.777885228395462036e-02 5.964522957801818848e-01 -5.981102213263511658e-02 -1.822647452354431152e-01 7.999113082885742188e+00
1.777277328073978424e-02 6.297369599342346191e-01 -6.892426311969757080e-02 -1.068872287869453430e-01 8.999107360839843750e+00
-1.968484558165073395e-02 5.916823744773864746e-01 -7.426862418651580811e-02 -3.909970819950103760e-02 9.998901367187500000e+00
-6.438264995813369751e-02 4.917613267898559570e-01 -7.622361183166503906e-02 1.103858649730682373e-02 1.099833965301513672e+01
-1.160157993435859680e-01 3.529629111289978027e-01 -7.567168027162551880e-02 3.619366884231567383e-02 1.199730873107910156e+01
-1.740176379680633545e-01 2.067042291164398193e-01 -7.386199384927749634e-02 3.478559851646423340e-02 1.299578094482421875e+01
-2.375054657459259033e-01 8.347605913877487183e-02 -7.212271541357040405e-02 1.306814141571521759e-02 1.399381732940673828e+01
-3.054027259349822998e-01 4.107125103473663330e-03 -7.146930694580078125e-02 -1.684426888823509216e-02 1.499151802062988281e+01
-3.766063749790191650e-01 -2.436327748000621796e-02 -7.231152057647705078e-02 -4.166113585233688354e-02 1.598897933959960938e+01
-4.500698745250701904e-01 -8.503401651978492737e-03 -7.439457625150680542e-02 -5.105882883071899414e-02 1.698627853393554688e+01
-5.248198509216308594e-01 3.470967710018157959e-02 -7.694751769304275513e-02 -4.023680090904235840e-02 1.798348045349121094e+01
-5.999611020088195801e-01 8.348488807678222656e-02 -7.895936071872711182e-02 -1.057891547679901123e-02 1.898065567016601562e+01
-6.746771931648254395e-01 1.178604811429977417e-01 -7.948830723762512207e-02 3.173149749636650085e-02 1.997786903381347656e+01
-7.482073903083801270e-01 1.249962076544761658e-01 -7.790173590183258057e-02 7.826996594667434692e-02 2.097517967224121094e+01
-8.197994828224182129e-01 1.014106571674346924e-01 -7.398823648691177368e-02 1.209221929311752319e-01 2.197263336181640625e+01
-8.886635899543762207e-01 5.204764008522033691e-02 -6.794212758541107178e-02 1.538508385419845581e-01 2.297027206420898438e+01
-9.539570808410644531e-01 -1.283167302608489990e-02 -6.024958565831184387e-02 1.745877861976623535e-01 2.396814155578613281e+01
-1.014810681343078613e+00 -8.146238327026367188e-02 -5.152019485831260681e-02 1.839469373226165771e-01 2.496628761291503906e+01
-1.070375800132751465e+00 -1.437329053878784180e-01 -4.232284799218177795e-02 1.849212646484375000e-01 2.596475028991699219e+01
-1.119866251945495605e+00 -1.930049955844879150e-01 -3.307678550481796265e-02 1.812752932310104370e-01 2.696355056762695312e+01
-1.162581920623779297e+00 -2.266222238540649414e-01 -2.401302009820938110e-02 1.764490455389022827e-01 2.796268463134765625e+01
-1.197920441627502441e+00 -2.454571425914764404e-01 -1.519056782126426697e-02 1.729470640420913696e-01 2.896212387084960938e+01
-1.225381851196289062e+00 -2.528840601444244385e-01 -6.543214432895183563e-03 1.721208691596984863e-01 2.996182250976562500e+01
-1.244568943977355957e+00 -2.535162568092346191e-01 2.062829211354255676e-03 1.742137670516967773e-01 3.096171760559082031e+01
-1.255181908607482910e+00 -2.519988715648651123e-01 1.077351812273263931e-02 1.785700768232345581e-01 3.196174240112304688e+01
-1.257007837295532227e+00 -2.520747184753417969e-01 1.970202103257179260e-02 1.839377582073211670e-01 3.296181869506835938e+01
-1.249908328056335449e+00 -2.560355663299560547e-01 2.889890968799591064e-02 1.888025701045989990e-01 3.396187210083007812e+01
-1.233809828758239746e+00 -2.645618319511413574e-01 3.833903744816780090e-02 1.916971355676651001e-01 3.496182632446289062e+01
-1.208698511123657227e+00 -2.768739163875579834e-01 4.792389273643493652e-02 1.914417445659637451e-01 3.596159744262695312e+01
-1.174620747566223145e+00 -2.910889983177185059e-01 5.749598145484924316e-02 1.872938722372055054e-01 3.696111297607421875e+01
-1.131686806678771973e+00 -3.046801090240478516e-01 6.686067581176757812e-02 1.790072917938232422e-01 3.796029663085937500e+01
-1.080075860023498535e+00 -3.149642646312713623e-01 7.581104338169097900e-02 1.668138355016708374e-01 3.895907974243164062e+01
-1.020040392875671387e+00 -3.195672929286956787e-01 8.415173739194869995e-02 1.513458043336868286e-01 3.995740127563476562e+01
-9.519097805023193359e-01 -3.168213963508605957e-01 9.171903133392333984e-02 1.335140913724899292e-01 4.095520401000976562e+01
-8.760938048362731934e-01 -3.060524463653564453e-01 9.839473664760589600e-02 1.143505126237869263e-01 4.195245361328125000e+01
-7.930863499641418457e-01 -2.877026200294494629e-01 1.041122600436210632e-01 9.482729434967041016e-02 4.294911956787109375e+01
-7.034693360328674316e-01 -2.632433474063873291e-01 1.088536232709884644e-01 7.567512989044189453e-02 4.394519805908203125e+01
-6.079148054122924805e-01 -2.348681092262268066e-01 1.126373782753944397e-01 5.723591148853302002e-02 4.494070816040039062e+01
-5.071844458580017090e-01 -2.050073146820068359e-01 1.154991760849952698e-01 3.940123319625854492e-02 4.593569183349609375e+01
-4.021239578723907471e-01 -1.757784038782119751e-01 1.174692362546920776e-01 2.167451754212379456e-02 4.693021011352539062e+01
-2.936530411243438721e-01 -1.485199183225631714e-01 1.185529604554176331e-01 3.358468413352966309e-03 4.792434692382812500e+01
-1.827514469623565674e-01 -1.235477328300476074e-01 1.187208816409111023e-01 -1.618483476340770721e-02 4.891820526123046875e+01
-7.044316083192825317e-02 -1.002070084214210510e-01 1.179116368293762207e-01 -3.729206696152687073e-02 4.991189956665039062e+01
4.221988469362258911e-02 -7.719437032938003540e-02 1.160470321774482727e-01 -5.986189097166061401e-02 5.090554428100585938e+01
1.541728675365447998e-01 -5.303274095058441162e-02 1.130539402365684509e-01 -8.336758613586425781e-02 5.189926528930664062e+01
2.643514275550842285e-01 -2.652893401682376862e-02 1.088855639100074768e-01 -1.070000827312469482e-01 5.289318084716796875e+01
3.717033863067626953e-01 2.930250018835067749e-03 1.035355627536773682e-01 -1.298760324716567993e-01 5.388740158081054688e+01
4.751998186111450195e-01 3.530814498662948608e-02 9.704176336526870728e-02 -1.512305736541748047e-01 5.488203048706054688e+01
5.738464593887329102e-01 7.004156708717346191e-02 8.948023617267608643e-02 -1.705368161201477051e-01 5.587715530395507812e+01
6.666954159736633301e-01 1.062667369842529297e-01 8.095339685678482056e-02 -1.875333786010742188e-01 5.687284088134765625e+01
7.528563737869262695e-01 1.430472135543823242e-01 7.157672941684722900e-02 -2.021802812814712524e-01 5.786913681030273438e+01
8.315060138702392578e-01 1.795406788587570190e-01 6.146771460771560669e-02 -2.145795822143554688e-01 5.886606597900390625e+01
9.018951058387756348e-01 2.150793373584747314e-01 5.073873698711395264e-02 -2.248971909284591675e-01 5.986362457275390625e+01
9.633522033691406250e-01 2.491784691810607910e-01 3.949387744069099426e-02 -2.333051711320877075e-01 6.086179351806640625e+01
1.015285015106201172e+00 2.815034389495849609e-01 2.782861888408660889e-02 -2.399470061063766479e-01 6.186052322387695312e+01
1.057179808616638184e+00 3.118157982826232910e-01 1.583126932382583618e-02 -2.449244558811187744e-01 6.285974502563476562e+01
1.088599205017089844e+00 3.399214446544647217e-01 3.585046157240867615e-03 -2.482974082231521606e-01 6.385937118530273438e+01
1.109180212020874023e+00 3.656273484230041504e-01 -8.829824626445770264e-03 -2.500918209552764893e-01 6.485930633544921875e+01
1.118631124496459961e+00 3.887146115303039551e-01 -2.133441716432571411e-02 -2.503097951412200928e-01 6.585942840576171875e+01
1.116729617118835449e+00 4.089256525039672852e-01 -3.384990617632865906e-02 -2.489396780729293823e-01 6.685961914062500000e+01
1.103320717811584473e+00 4.259642660617828369e-01 -4.629689082503318787e-02 -2.459651231765747070e-01 6.785974121093750000e+01
1.078315734863281250e+00 4.395074248313903809e-01 -5.859514698386192322e-02 -2.413718551397323608e-01 6.885965728759765625e+01
1.041691780090332031e+00 4.492230415344238281e-01 -7.066374272108078003e-02 -2.351534068584442139e-01 6.985923004150390625e+01
9.934919476509094238e-01 4.547950625419616699e-01 -8.242141455411911011e-02 -2.273157536983489990e-01 7.085832214355468750e+01
9.338263869285583496e-01 4.559518396854400635e-01 -9.378720074892044067e-02 -2.178809940814971924e-01 7.185679626464843750e+01
8.628740310668945312e-01 4.524986147880554199e-01 -1.046812534332275391e-01 -2.068897038698196411e-01 7.285453796386718750e+01
7.808849215507507324e-01 4.443506598472595215e-01 -1.150257363915443420e-01 -1.944014579057693481e-01 7.385142517089843750e+01
6.881833672523498535e-01 4.315651655197143555e-01 -1.247458085417747498e-01 -1.804922819137573242e-01 7.484736633300781250e+01
5.851714015007019043e-01 4.143653213977813721e-01 -1.337704211473464966e-01 -1.652489006519317627e-01 7.584227752685546875e+01
4.723327457904815674e-01 3.931519687175750732e-01 -1.420328617095947266e-01 -1.487587988376617432e-01 7.683610534667968750e+01
3.502365946769714355e-01 3.684953153133392334e-01 -1.494708061218261719e-01 -1.310967206954956055e-01 7.782881927490234375e+01
2.195410579442977905e-01 3.410989344120025635e-01 -1.560256481170654297e-01 -1.123109236359596252e-01 7.882041168212890625e+01
8.099545538425445557e-02 3.117314875125885010e-01 -1.616411954164505005e-01 -9.241610765457153320e-02 7.981091308593750000e+01
-6.455937027931213379e-02 2.811345160007476807e-01 -1.662620007991790771e-01 -7.139870524406433105e-02 8.080038452148437500e+01
-2.161935567855834961e-01 2.499182820320129395e-01 -1.698319315910339355e-01 -4.924160987138748169e-02 8.178891754150390625e+01
-3.728941082954406738e-01 2.184796780347824097e-01 -1.722940057516098022e-01 -2.596262469887733459e-02 8.277664184570312500e+01
-5.335747003555297852e-01 1.869606226682662964e-01 -1.735921353101730347e-01 -1.660730689764022827e-03 8.376371002197265625e+01
-6.970887780189514160e-01 1.552672386169433594e-01 -1.736751645803451538e-01 2.344812266528606415e-02 8.475029754638671875e+01
-8.622456192970275879e-01 1.231417879462242126e-01 -1.725027561187744141e-01 4.901886731386184692e-02 8.573659515380859375e+01
-1.027828454971313477e+00 9.027098864316940308e-02 -1.700518131256103516e-01 7.460048794746398926e-02 8.672280883789062500e+01
-1.192613363265991211e+00 5.639145523309707642e-02 -1.663217842578887939e-01 9.968761354684829712e-02 8.770915222167968750e+01
-1.355388760566711426e+00 2.136332541704177856e-02 -1.613374054431915283e-01 1.237846538424491882e-01 8.869581604003906250e+01
-1.514972805976867676e+00 -1.480419561266899109e-02 -1.551481783390045166e-01 1.464610099792480469e-01 8.968299865722656250e+01
-1.670230627059936523e+00 -5.196731165051460266e-02 -1.478251218795776367e-01 1.673837453126907349e-01 9.067087554931640625e+01
-1.820088028907775879e+00 -8.988308906555175781e-02 -1.394559293985366821e-01 1.863246858119964600e-01 9.165958404541015625e+01
-1.963542938232421875e+00 -1.282450556755065918e-01 -1.301396936178207397e-01 2.031491845846176147e-01 9.264925384521484375e+01
-2.099673748016357422e+00 -1.667097955942153931e-01 -1.199822351336479187e-01 2.177952080965042114e-01 9.363996887207031250e+01
-2.227643966674804688e+00 -2.049095332622528076e-01 -1.090924739837646484e-01 2.302520871162414551e-01 9.463178253173828125e+01
-2.346704721450805664e+00 -2.424552589654922485e-01 -9.757986664772033691e-02 2.405430376529693604e-01 9.562472534179687500e+01
-2.456194877624511719e+00 -2.789370715618133545e-01 -8.555271476507186890e-02 2.487119734287261963e-01 9.661878967285156250e+01
-2.555539131164550781e+00 -3.139235377311706543e-01 -7.311711460351943970e-02 2.548147737979888916e-01 9.761393737792968750e+01
-2.644245386123657227e+00 -3.469645380973815918e-01 -6.037637591361999512e-02 2.589130401611328125e-01 9.861012268066406250e+01
-2.721901655197143555e+00 -3.775962591171264648e-01 -4.743072390556335449e-02 2.610700130462646484e-01 9.960725402832031250e+01
-2.788173198699951172e+00 -4.053491652011871338e-01 -3.437722474336624146e-02 2.613477408885955811e-01 1.006052322387695312e+02
-2.842799186706542969e+00 -4.297579228878021240e-01 -2.130983769893646240e-02 2.598053812980651855e-01 1.016039428710937500e+02
-2.885590314865112305e+00 -4.503729641437530518e-01 -8.319568820297718048e-03 2.564986646175384521e-01 1.026032562255859375e+02
-2.916427612304687500e+00 -4.667740166187286377e-01 4.505364224314689636e-03 2.514803409576416016e-01 1.036030349731445312e+02
-2.935260772705078125e+00 -4.785858094692230225e-01 1.707938127219676971e-02 2.448014169931411743e-01 1.046031265258789062e+02
-2.942107915878295898e+00 -4.854955673217773438e-01 2.931945212185382843e-02 2.365132570266723633e-01 1.056033859252929688e+02
-2.937057018280029297e+00 -4.872735738754272461e-01 4.114511609077453613e-02 2.266701161861419678e-01 1.066036682128906250e+02
-2.920266628265380859e+00 -4.837955534458160400e-01 5.247862264513969421e-02 2.153314799070358276e-01 1.076038208007812500e+02
-2.891968488693237305e+00 -4.750668108463287354e-01 6.324519962072372437e-02 2.025631070137023926e-01 1.086037139892578125e+02
-2.852471351623535156e+00 -4.612448811531066895e-01 7.337335497140884399e-02 1.884360611438751221e-01 1.096032180786132812e+02
-2.802164077758789062e+00 -4.426564872264862061e-01 8.279515802860260010e-02 1.730225980281829834e-01 1.106022186279296875e+02
-2.741520404815673828e+00 -4.198036193847656250e-01 9.144628793001174927e-02 1.563879996538162231e-01 1.116006240844726562e+02
-2.671103954315185547e+00 -3.933490514755249023e-01 9.926568716764450073e-02 1.385803371667861938e-01 1.125983657836914062e+02
-2.591571807861328125e+00 -3.640778064727783203e-01 1.061947047710418701e-01 1.196194589138031006e-01 1.135953903198242188e+02
-2.503677845001220703e+00 -3.328291773796081543e-01 1.121756806969642639e-01 9.949121624231338501e-02 1.145916900634765625e+02
-2.408274173736572266e+00 -3.004029095172882080e-01 1.171502396464347839e-01 7.815434038639068604e-02 1.155872650146484375e+02
-2.306308984756469727e+00 -2.674565017223358154e-01 1.210579574108123779e-01 5.556452274322509766e-02 1.165821685791015625e+02
-2.198821544647216797e+00 -2.344151288270950317e-01 1.238361820578575134e-01 3.171718865633010864e-02 1.175764617919921875e+02
-2.086932659149169922e+00 -2.014249563217163086e-01 1.254220455884933472e-01 6.698964163661003113e-03 1.185702514648437500e+02
-1.971831321716308594e+00 -1.683678328990936279e-01 1.257569938898086548e-01 -1.926851831376552582e-02 1.195636596679687500e+02
-1.854757428169250488e+00 -1.349405944347381592e-01 1.247935667634010315e-01 -4.581309109926223755e-02 1.205568161010742188e+02
-1.736982107162475586e+00 -1.007749959826469421e-01 1.225029155611991882e-01 -7.243590056896209717e-02 1.215498809814453125e+02
-1.619786381721496582e+00 -6.555673480033874512e-02 1.188811212778091431e-01 -9.856901317834854126e-02 1.225429992675781250e+02
-1.504439830780029297e+00 -2.911177277565002441e-02 1.139526739716529846e-01 -1.236500740051269531e-01 1.235363311767578125e+02
-1.392179727554321289e+00 8.563917130231857300e-03 1.077701672911643982e-01 -1.471866071224212646e-01 1.245300140380859375e+02
-1.284192323684692383e+00 4.731970280408859253e-02 1.004108339548110962e-01 -1.687943935394287109e-01 1.255241699218750000e+02
-1.181596040725708008e+00 8.688721060752868652e-02 9.197111427783966064e-02 -1.882073581218719482e-01 1.265188980102539062e+02
-1.085428476333618164e+00 1.269182860851287842e-01 8.256074786186218262e-02 -2.052659690380096436e-01 1.275142745971679688e+02
-9.966371655464172363e-01 1.670125275850296021e-01 7.229744642972946167e-02 -2.198949754238128662e-01 1.285103454589843750e+02
-9.160738587379455566e-01 2.067313343286514282e-01 6.130269914865493774e-02 -2.320804446935653687e-01 1.295071258544921875e+02
-8.444923758506774902e-01 2.456021308898925781e-01 4.969867691397666931e-02 -2.418514937162399292e-01 1.305046081542968750e+02
-7.825492024421691895e-01 2.831260263919830322e-01 3.760610148310661316e-02 -2.492636442184448242e-01 1.315027618408203125e+02
-7.308056950569152832e-01 3.187842667102813721e-01 2.514291927218437195e-02 -2.543862164020538330e-01 1.325015258789062500e+02
-6.897312402725219727e-01 3.520461022853851318e-01 1.242360845208168030e-02 -2.572927176952362061e-01 1.335008087158203125e+02
-6.597070097923278809e-01 3.823766410350799561e-01 -4.410278052091598511e-04 -2.580546140670776367e-01 1.345005187988281250e+02
-6.410292387008666992e-01 4.092456400394439697e-01 -1.334375888109207153e-02 -2.567377388477325439e-01 1.355005340576171875e+02
-6.339121460914611816e-01 4.321381449699401855e-01 -2.618064731359481812e-02 -2.534010112285614014e-01 1.365007171630859375e+02
-6.384903192520141602e-01 4.505676031112670898e-01 -3.885069862008094788e-02 -2.480966150760650635e-01 1.375009460449218750e+02
-6.548198461532592773e-01 4.640913605690002441e-01 -5.125553160905838013e-02 -2.408721745014190674e-01 1.385010681152343750e+02
-6.828788518905639648e-01 4.723303616046905518e-01 -6.329914182424545288e-02 -2.317741364240646362e-01 1.395009460449218750e+02
-7.225664854049682617e-01 4.749924540519714355e-01 -7.488784939050674438e-02 -2.208521366119384766e-01 1.405004425048828125e+02
-7.737013101577758789e-01 4.719001054763793945e-01 -8.593045920133590698e-02 -2.081634998321533203e-01 1.414994201660156250e+02
-8.360180854797363281e-01 4.630220532417297363e-01 -9.633863717317581177e-02 -1.937764734029769897e-01 1.424977569580078125e+02
-9.091640114784240723e-01 4.485049247741699219e-01 -1.060274615883827209e-01 -1.777706742286682129e-01 1.434953460693359375e+02
-9.926936030387878418e-01 4.286982119083404541e-01 -1.149159967899322510e-01 -1.602340340614318848e-01 1.444921112060546875e+02
-1.086063265800476074e+00 4.041674435138702393e-01 -1.229276955127716064e-01 -1.412532329559326172e-01 1.454879760742187500e+02
-1.188625693321228027e+00 3.756805062294006348e-01 -1.299903541803359985e-01 -1.208997890353202820e-01 1.464829101562500000e+02
-1.299624681472778320e+00 3.441584408283233643e-01 -1.360353380441665649e-01 -9.921512007713317871e-02 1.474769134521484375e+02
-1.418191909790039062e+00 3.105835914611816406e-01 -1.409960985183715820e-01 -7.620255649089813232e-02 1.484700012207031250e+02
-1.543346166610717773e+00 2.758690714836120605e-01 -1.448062211275100708e-01 -5.183859914541244507e-02 1.494622650146484375e+02
-1.673997759819030762e+00 2.407202124595642090e-01 -1.473981440067291260e-01 -2.610759250819683075e-02 1.504537963867187500e+02
-1.808957219123840332e+00 2.055244892835617065e-01 -1.487035304307937622e-01 9.424164891242980957e-04 1.514447174072265625e+02
-1.946950435638427734e+00 1.703104078769683838e-01 -1.486564129590988159e-01 2.913962863385677338e-02 1.524352111816406250e+02
-2.086638450622558594e+00 1.347899138927459717e-01 -1.471994370222091675e-01 5.814532935619354248e-02 1.534254455566406250e+02
-2.226640224456787109e+00 9.848374873399734497e-02 -1.442921757698059082e-01 8.745545148849487305e-02 1.544156188964843750e+02
-2.365559101104736328e+00 6.088371947407722473e-02 -1.399194002151489258e-01 1.164521425962448120e-01 1.554059295654296875e+02
-2.502007961273193359e+00 2.159570902585983276e-02 -1.340967863798141479e-01 1.444889456033706665e-01 1.563965759277343750e+02
-2.634633064270019531e+00 -1.957700029015541077e-02 -1.268723458051681519e-01 1.709787994623184204e-01 1.573877410888671875e+02
-2.762136220932006836e+00 -6.261882185935974121e-02 -1.183234080672264099e-01 1.954565644264221191e-01 1.583795776367187500e+02
-2.883292675018310547e+00 -1.073348224163055420e-01 -1.085505783557891846e-01 2.176038473844528198e-01 1.593722229003906250e+02
-2.996965408325195312e+00 -1.534005999565124512e-01 -9.767038375139236450e-02 2.372416108846664429e-01 1.603657531738281250e+02
-3.102113962173461914e+00 -2.004079520702362061e-01 -8.580830693244934082e-02 2.543035447597503662e-01 1.613602447509765625e+02
-3.197800636291503906e+00 -2.478952407836914062e-01 -7.309313118457794189e-02 2.688045501708984375e-01 1.623557128906250000e+02
-3.283190250396728516e+00 -2.953645884990692139e-01 -5.965290218591690063e-02 2.808122932910919189e-01 1.633521423339843750e+02
-3.357549667358398438e+00 -3.422909379005432129e-01 -4.561228677630424500e-02 2.904245555400848389e-01 1.643494873046875000e+02
-3.420242786407470703e+00 -3.881269991397857666e-01 -3.109105862677097321e-02 2.977531254291534424e-01 1.653476715087890625e+02
-3.470725774765014648e+00 -4.323076605796813965e-01 -1.620340347290039062e-02 3.029121756553649902e-01 1.663465881347656250e+02
-3.508541107177734375e+00 -4.742549657821655273e-01 -1.057794317603111267e-03 3.060101270675659180e-01 1.673460998535156250e+02
-3.533311605453491211e+00 -5.133830308914184570e-01 1.424271240830421448e-02 3.071438968181610107e-01 1.683460693359375000e+02
-3.544735908508300781e+00 -5.491026043891906738e-01 2.959990873932838440e-02 3.063957691192626953e-01 1.693463287353515625e+02
-3.542583465576171875e+00 -5.808263421058654785e-01 4.491969943046569824e-02 3.038316071033477783e-01 1.703467102050781250e+02
-3.526690959930419922e+00 -6.079745292663574219e-01 6.011128053069114685e-02 2.995006442070007324e-01 1.713470001220703125e+02
-3.496959686279296875e+00 -6.299825310707092285e-01 7.508631050586700439e-02 2.934367954730987549e-01 1.723470153808593750e+02
-3.453354358673095703e+00 -6.463097929954528809e-01 8.975815027952194214e-02 2.856619358062744141e-01 1.733465576171875000e+02
-3.395902156829833984e+00 -6.564535498619079590e-01 1.040412485599517822e-01 2.761909365653991699e-01 1.743454284667968750e+02
-3.324693679809570312e+00 -6.599686741828918457e-01 1.178507953882217407e-01 2.650382220745086670e-01 1.753434295654296875e+02
-3.239885091781616211e+00 -6.564955115318298340e-01 1.311027109622955322e-01 2.522260248661041260e-01 1.763403778076171875e+02
-3.141700744628906250e+00 -6.457978487014770508e-01 1.437140107154846191e-01 2.377934753894805908e-01 1.773360900878906250e+02
-3.030437946319580078e+00 -6.278116106986999512e-01 1.556036770343780518e-01 2.218043804168701172e-01 1.783303985595703125e+02
-2.906472682952880859e+00 -6.027020812034606934e-01 1.666938960552215576e-01 2.043523639440536499e-01 1.793231811523437500e+02
-2.770267009735107422e+00 -5.709252357482910156e-01 1.769115179777145386e-01 1.855574399232864380e-01 1.803143157958984375e+02
-2.622377634048461914e+00 -5.332785248756408691e-01 1.861893832683563232e-01 1.655510216951370239e-01 1.813037261962890625e+02
-2.463465213775634766e+00 -4.909212589263916016e-01 1.944669336080551147e-01 1.444448530673980713e-01 1.822913818359375000e+02
-2.294305086135864258e+00 -4.453364610671997070e-01 2.016891837120056152e-01 1.222855821251869202e-01 1.832772827148437500e+02
-2.115796089172363281e+00 -3.982079029083251953e-01 2.078034579753875732e-01 9.900612384080886841e-02 1.842614746093750000e+02
-1.928966999053955078e+00 -3.512006402015686035e-01 2.127537578344345093e-01 7.439886033535003662e-02 1.852440643310546875e+02
-1.734978795051574707e+00 -3.056693673133850098e-01 2.164736986160278320e-01 4.814390465617179871e-02 1.862252197265625000e+02
-1.535118579864501953e+00 -2.623666822910308838e-01 2.188808917999267578e-01 1.991450414061546326e-02 1.872051696777343750e+02
-1.330786585807800293e+00 -2.212569415569305420e-01 2.198766171932220459e-01 -1.045351475477218628e-02 1.881841583251953125e+02
-1.123473882675170898e+00 -1.815380454063415527e-01 2.193539440631866455e-01 -4.279150441288948059e-02 1.891624908447265625e+02
-9.147341847419738770e-01 -1.418987661600112915e-01 2.172143757343292236e-01 -7.651348412036895752e-02 1.901405029296875000e+02
-7.061520814895629883e-01 -1.009281054139137268e-01 2.133886963129043579e-01 -1.106747239828109741e-01 1.911185302734375000e+02
-4.993110895156860352e-01 -5.751236900687217712e-02 2.078549563884735107e-01 -1.441589146852493286e-01 1.920969238281250000e+02
-2.957633137702941895e-01 -1.106060296297073364e-02 2.006470113992691040e-01 -1.759064793586730957e-01 1.930759887695312500e+02
-9.700185060501098633e-02 3.847842663526535034e-02 1.918516904115676880e-01 -2.050927132368087769e-01 1.940560302734375000e+02
9.556370973587036133e-02 9.075011312961578369e-02 1.815970540046691895e-01 -2.312013059854507446e-01 1.950373229980468750e+02
2.806271910667419434e-01 1.451713740825653076e-01 1.700369864702224731e-01 -2.540017068386077881e-01 1.960200653076171875e+02
4.569998979568481445e-01 2.010613530874252319e-01 1.573369055986404419e-01 -2.734822034835815430e-01 1.970044097900390625e+02
6.236173510551452637e-01 2.577213644981384277e-01 1.436627954244613647e-01 -2.897720336914062500e-01 1.979904785156250000e+02
7.795398235321044922e-01 3.144773244857788086e-01 1.291741877794265747e-01 -3.030715882778167725e-01 1.989783325195312500e+02
9.239479303359985352e-01 3.706880509853363037e-01 1.140206083655357361e-01 -3.136047422885894775e-01 1.999679718017578125e+02
1.056135654449462891e+00 4.257375895977020264e-01 9.834036976099014282e-02 -3.215903937816619873e-01 2.009593658447265625e+02
1.175501585006713867e+00 4.790227711200714111e-01 8.226084709167480469e-02 -3.272283077239990234e-01 2.019524383544921875e+02
1.281539797782897949e+00 5.299434661865234375e-01 6.589943170547485352e-02 -3.306926190853118896e-01 2.029470825195312500e+02
1.373831152915954590e+00 5.778970718383789062e-01 4.936479777097702026e-02 -3.321289420127868652e-01 2.039431610107421875e+02
1.452035546302795410e+00 6.222754120826721191e-01 3.275834769010543823e-02 -3.316538035869598389e-01 2.049405212402343750e+02
1.515885114669799805e+00 6.624637842178344727e-01 1.617565751075744629e-02 -3.293551504611968994e-01 2.059389648437500000e+02
1.565178871154785156e+00 6.978409886360168457e-01 -2.921000123023986816e-04 -3.252939581871032715e-01 2.069382934570312500e+02
1.599778771400451660e+00 7.277811169624328613e-01 -1.655679754912853241e-02 -3.195067048072814941e-01 2.079383087158203125e+02
1.619606852531433105e+00 7.516567111015319824e-01 -3.253213316202163696e-02 -3.120095431804656982e-01 2.089387817382812500e+02
1.624643445014953613e+00 7.688457369804382324e-01 -4.813260957598686218e-02 -3.028040826320648193e-01 2.099394683837890625e+02
1.614927172660827637e+00 7.787442803382873535e-01 -6.327281147241592407e-02 -2.918854951858520508e-01 2.109401550292968750e+02
1.590555906295776367e+00 7.807877659797668457e-01 -7.786708325147628784e-02 -2.792534232139587402e-01 2.119406127929687500e+02
1.551688551902770996e+00 7.744845151901245117e-01 -9.182975441217422485e-02 -2.649255096912384033e-01 2.129406127929687500e+02
1.498548865318298340e+00 7.594660520553588867e-01 -1.050760298967361450e-01 -2.489527612924575806e-01 2.139399566650390625e+02
1.431429982185363770e+00 7.355568408966064453e-01 -1.175236701965332031e-01 -2.314354330301284790e-01 2.149384307861328125e+02
1.350700855255126953e+00 7.028650045394897461e-01 -1.290954351425170898e-01 -2.125347554683685303e-01 2.159358520507812500e+02
1.256814479827880859e+00 6.618882417678833008e-01 -1.397221684455871582e-01 -1.924743205308914185e-01 2.169320526123046875e+02
1.150318384170532227e+00 6.136189699172973633e-01 -1.493458896875381470e-01 -1.715213954448699951e-01 2.179269104003906250e+02
1.031866431236267090e+00 5.596175193786621094e-01 -1.579219549894332886e-01 -1.499372869729995728e-01 2.189203491210937500e+02
9.022327661514282227e-01 5.020007491111755371e-01 -1.654188185930252075e-01 -1.278923749923706055e-01 2.199123077392578125e+02
7.623246908187866211e-01 4.432921707630157471e-01 -1.718134433031082153e-01 -1.053568273782730103e-01 2.209027862548828125e+02
6.131935715675354004e-01 3.860922157764434814e-01 -1.770812869071960449e-01 -8.200839906930923462e-02 2.218918457031250000e+02
4.560390412807464600e-01 3.325920999050140381e-01 -1.811817139387130737e-01 -5.722603946924209595e-02 2.228796081542968750e+02
2.922043800354003906e-01 2.840320467948913574e-01 -1.840430200099945068e-01 -3.024176508188247681e-02 2.238662414550781250e+02
1.231603473424911499e-01 2.403170913457870483e-01 -1.855551153421401978e-01 -4.450660198926925659e-04 2.248519592285156250e+02
-4.952222108840942383e-02 2.000050097703933716e-01 -1.855773627758026123e-01 3.227257728576660156e-02 2.258370056152343750e+02
-2.242076992988586426e-01 1.607536375522613525e-01 -1.839637309312820435e-01 6.731043756008148193e-02 2.268216857910156250e+02
-3.992334902286529541e-01 1.200840696692466736e-01 -1.805982142686843872e-01 1.034184396266937256e-01 2.278062896728515625e+02
-5.729449987411499023e-01 7.613356411457061768e-02 -1.754272878170013428e-01 1.390129625797271729e-01 2.287911071777343750e+02
-7.437256574630737305e-01 2.806994691491127014e-02 -1.684766411781311035e-01 1.725910604000091553e-01 2.297764282226562500e+02
-9.100227952003479004e-01 -2.394180744886398315e-02 -1.598470807075500488e-01 2.030486613512039185e-01 2.307625122070312500e+02
-1.070371866226196289e+00 -7.907480001449584961e-02 -1.496946513652801514e-01 2.297962605953216553e-01 2.317495727539062500e+02
-1.223417639732360840e+00 -1.362391114234924316e-01 -1.382048428058624268e-01 2.526911199092864990e-01 2.327377929687500000e+02
-1.367929935455322266e+00 -1.943721473217010498e-01 -1.255702823400497437e-01 2.718807756900787354e-01 2.337273254394531250e+02
-1.502812623977661133e+00 -2.525718808174133301e-01 -1.119762435555458069e-01 2.876500487327575684e-01 2.347182312011718750e+02
-1.627104520797729492e+00 -3.101108670234680176e-01 -9.759373962879180908e-02 3.003151118755340576e-01 2.357105560302734375e+02
-1.739975214004516602e+00 -3.663902580738067627e-01 -8.257798105478286743e-02 3.101677000522613525e-01 2.367042846679687500e+02
-1.840716481208801270e+00 -4.208805859088897705e-01 -6.706959754228591919e-02 3.174541890621185303e-01 2.376993713378906250e+02
-1.928732514381408691e+00 -4.730729460716247559e-01 -5.119688808917999268e-02 3.223723769187927246e-01 2.386957092285156250e+02
-2.003529787063598633e+00 -5.224468708038330078e-01 -3.507826849818229675e-02 3.250752687454223633e-01 2.396931915283203125e+02
-2.064707040786743164e+00 -5.684533119201660156e-01 -1.882450468838214874e-02 3.256762921810150146e-01 2.406916656494140625e+02
-2.111948013305664062e+00 -6.105078458786010742e-01 -2.540688961744308472e-03 3.242534399032592773e-01 2.416909484863281250e+02
-2.145014047622680664e+00 -6.479901671409606934e-01 1.367198303341865540e-02 3.208529055118560791e-01 2.426908721923828125e+02
-2.163738965988159180e+00 -6.802471280097961426e-01 2.971462905406951904e-02 3.154922425746917725e-01 2.436912231445312500e+02
-2.168025970458984375e+00 -7.065983414649963379e-01 4.548924416303634644e-02 3.081645369529724121e-01 2.446917877197265625e+02
-2.157845735549926758e+00 -7.263450622558593750e-01 6.089746952056884766e-02 2.988441288471221924e-01 2.456923522949218750e+02
-2.133235931396484375e+00 -7.387845516204833984e-01 7.583967596292495728e-02 2.874953448772430420e-01 2.466927032470703125e+02
-2.094301939010620117e+00 -7.432331442832946777e-01 9.021444618701934814e-02 2.740849852561950684e-01 2.476926269531250000e+02
-2.041220426559448242e+00 -7.390639781951904297e-01 1.039186939597129822e-01 2.585986852645874023e-01 2.486919097900390625e+02
-1.974242448806762695e+00 -7.257631421089172363e-01 1.168486252427101135e-01 2.410618811845779419e-01 2.496903533935546875e+02
-1.893700242042541504e+00 -7.030116915702819824e-01 1.289017200469970703e-01 2.215626686811447144e-01 2.506877593994140625e+02
-1.800014138221740723e+00 -6.707975268363952637e-01 1.399798542261123657e-01 2.002715915441513062e-01 2.516839752197265625e+02
-1.693702816963195801e+00 -6.295499801635742188e-01 1.499934345483779907e-01 1.774502992630004883e-01 2.526788787841796875e+02
-1.575395226478576660e+00 -5.802814960479736328e-01 1.588659435510635376e-01 1.534341573715209961e-01 2.536723480224609375e+02
-1.445845365524291992e+00 -5.246904492378234863e-01 1.665376573801040649e-01 1.285741925239562988e-01 2.546643524169921875e+02
-1.305948019027709961e+00 -4.651578366756439209e-01 1.729663610458374023e-01 1.031283885240554810e-01 2.556548614501953125e+02
-1.156753659248352051e+00 -4.045545756816864014e-01 1.781227737665176392e-01 7.711933553218841553e-02 2.566439514160156250e+02
-9.994789958000183105e-01 -3.458091020584106445e-01 1.819787472486495972e-01 5.021756142377853394e-02 2.576317138671875000e+02
-8.355079293251037598e-01 -2.912735342979431152e-01 1.844896227121353149e-01 2.175212651491165161e-02 2.586183166503906250e+02
-6.663796305656433105e-01 -2.420682460069656372e-01 1.855772286653518677e-01 -9.072892367839813232e-03 2.596040039062500000e+02
-4.937613606452941895e-01 -1.976852118968963623e-01 1.851235777139663696e-01 -4.278714582324028015e-02 2.605890808105468750e+02
-3.194087445735931396e-01 -1.561052501201629639e-01 1.829842180013656616e-01 -7.926836609840393066e-02 2.615738220214843750e+02
-1.451189368963241577e-01 -1.144648343324661255e-01 1.790207922458648682e-01 -1.175917163491249084e-01 2.625585327148437500e+02
2.731539309024810791e-02 -6.999561190605163574e-02 1.731412112712860107e-01 -1.562189906835556030e-01 2.635435791015625000e+02
1.961453855037689209e-01 -2.079144120216369629e-02 1.653302609920501709e-01 -1.934223920106887817e-01 2.645292358398437500e+02
3.596980869770050049e-01 3.388638049364089966e-02 1.556591391563415527e-01 -2.277218103408813477e-01 2.655157775878906250e+02
5.164031982421875000e-01 9.376281499862670898e-02 1.442730426788330078e-01 -2.581434547901153564e-01 2.665034179687500000e+02
6.648157238960266113e-01 1.579220890998840332e-01 1.313658654689788818e-01 -2.842577099800109863e-01 2.674923400878906250e+02
8.036321401596069336e-01 2.251655757427215576e-01 1.171529814600944519e-01 -3.060718178749084473e-01 2.684826965332031250e+02
9.316984415054321289e-01 2.942778468132019043e-01 1.018493920564651489e-01 -3.238598108291625977e-01 2.694745178222656250e+02
1.048009514808654785e+00 3.641574680805206299e-01 8.565640449523925781e-02 -3.380140662193298340e-01 2.704678344726562500e+02
1.151702284812927246e+00 4.338485598564147949e-01 6.875570118427276611e-02 -3.489478826522827148e-01 2.714626159667968750e+02
1.242045044898986816e+00 5.025217533111572266e-01 5.130830407142639160e-02 -3.570445775985717773e-01 2.724587707519531250e+02
1.318423867225646973e+00 5.694412589073181152e-01 3.345607221126556396e-02 -3.626353740692138672e-01 2.734561767578125000e+02
1.380329847335815430e+00 6.339325308799743652e-01 1.532430388033390045e-02 -3.659938275814056396e-01 2.744546508789062500e+02
1.427346467971801758e+00 6.953574419021606445e-01 -2.975387498736381531e-03 -3.673366308212280273e-01 2.754540405273437500e+02
1.459138751029968262e+00 7.530951499938964844e-01 -2.134221978485584259e-02 -3.668267130851745605e-01 2.764541320800781250e+02
1.475444316864013672e+00 8.065274357795715332e-01 -3.968355804681777954e-02 -3.645770847797393799e-01 2.774547119140625000e+02
1.476065754890441895e+00 8.550255894660949707e-01 -5.791241303086280823e-02 -3.606541752815246582e-01 2.784555358886718750e+02
1.460865259170532227e+00 8.979400396347045898e-01 -7.594512403011322021e-02 -3.550806045532226562e-01 2.794563293457031250e+02
1.429760694503784180e+00 9.345887303352355957e-01 -9.369915723800659180e-02 -3.478383421897888184e-01 2.804568481445312500e+02
1.382723093032836914e+00 9.642476439476013184e-01 -1.110910773277282715e-01 -3.388726115226745605e-01 2.814568481445312500e+02
1.319775581359863281e+00 9.861429333686828613e-01 -1.280347108840942383e-01 -3.280974030494689941e-01 2.824560241699218750e+02
1.240993976593017578e+00 9.994472861289978027e-01 -1.444395780563354492e-01 -3.154045045375823975e-01 2.834541320800781250e+02
1.146508097648620605e+00 1.003284931182861328e+00 -1.602098047733306885e-01 -3.006768524646759033e-01 2.844508972167968750e+02
1.036504626274108887e+00 9.967504143714904785e-01 -1.752436459064483643e-01 -2.838092148303985596e-01 2.854461059570312500e+02
9.112308025360107422e-01 9.789509177207946777e-01 -1.894341111183166504e-01 -2.647373378276824951e-01 2.864394836425781250e+02
7.709995508193969727e-01 9.490861296653747559e-01 -2.026709765195846558e-01 -2.434761226177215576e-01 2.874308166503906250e+02
6.161962151527404785e-01 9.065786004066467285e-01 -2.148447781801223755e-01 -2.201663553714752197e-01 2.884198913574218750e+02
4.472872316837310791e-01 8.512737751007080078e-01 -2.258531004190444946e-01 -1.951224356889724731e-01 2.894065551757812500e+02
2.648320496082305908e-01 7.837135791778564453e-01 -2.356092184782028198e-01 -1.688654869794845581e-01 2.903906860351562500e+02
6.949970126152038574e-02 7.054628133773803711e-01 -2.440524995326995850e-01 -1.421108990907669067e-01 2.913721923828125000e+02
-1.379094421863555908e-01 6.194067597389221191e-01 -2.511580586433410645e-01 -1.156634092330932617e-01 2.923510742187500000e+02
-3.564366400241851807e-01 5.298563241958618164e-01 -2.569412291049957275e-01 -9.016899764537811279e-02 2.933273925781250000e+02
-5.849369168281555176e-01 4.422293603420257568e-01 -2.614496648311614990e-01 -6.572537124156951904e-02 2.943013000488281250e+02
-8.220581412315368652e-01 3.621300756931304932e-01 -2.647359371185302734e-01 -4.149562120437622070e-02 2.952730407714843750e+02
-1.066236853599548340e+00 2.938896417617797852e-01 -2.668107151985168457e-01 -1.564698480069637299e-02 2.962429504394531250e+02
-1.315718650817871094e+00 2.390220910310745239e-01 -2.675930559635162354e-01 1.409308053553104401e-02 2.972114562988281250e+02
-1.568603754043579102e+00 1.953648626804351807e-01 -2.668884098529815674e-01 4.937271028757095337e-02 2.981790161132812500e+02
-1.822912693023681641e+00 1.575813889503479004e-01 -2.644197642803192139e-01 9.023861587047576904e-02 2.991461791992187500e+02
-2.076656818389892578e+00 1.190420985221862793e-01 -2.599078416824340820e-01 1.348980367183685303e-01 3.001134948730468750e+02
-2.327896118164062500e+00 7.416077703237533569e-02 -2.531629502773284912e-01 1.803679317235946655e-01 3.010814514160156250e+02
-2.574773550033569336e+00 1.991321891546249390e-02 -2.441445589065551758e-01 2.235598713159561157e-01 3.020505065917968750e+02
-2.815533638000488281e+00 -4.403233528137207031e-02 -2.329665720462799072e-01 2.621806263923645020e-01 3.030210876464843750e+02
-3.048540830612182617e+00 -1.161772161722183228e-01 -2.198575437068939209e-01 2.950869798660278320e-01 3.039935607910156250e+02
-3.272300481796264648e+00 -1.942707896232604980e-01 -2.051031887531280518e-01 3.221320509910583496e-01 3.049682312011718750e+02
-3.485478639602661133e+00 -2.760806977748870850e-01 -1.889965832233428955e-01 3.437812626361846924e-01 3.059452819824218750e+02
-3.686910390853881836e+00 -3.597479164600372314e-01 -1.718075275421142578e-01 3.607527315616607666e-01 3.069248962402343750e+02
-3.875596523284912109e+00 -4.438495635986328125e-01 -1.537698954343795776e-01 3.737883865833282471e-01 3.079071044921875000e+02
-4.050691604614257812e+00 -5.273247957229614258e-01 -1.350804716348648071e-01 3.835472464561462402e-01 3.088919067382812500e+02
-4.211487770080566406e+00 -6.093693971633911133e-01 -1.159031093120574951e-01 3.905736804008483887e-01 3.098792419433593750e+02
-4.357395648956298828e+00 -6.893433928489685059e-01 -9.637442231178283691e-02 3.953007161617279053e-01 3.108690185546875000e+02
-4.487928390502929688e+00 -7.667043805122375488e-01 -7.660938799381256104e-02 3.980653584003448486e-01 3.118610534667968750e+02
-4.602685451507568359e+00 -8.409639000892639160e-01 -5.670611932873725891e-02 3.991245925426483154e-01 3.128551940917968750e+02
-4.701341629028320312e+00 -9.116585850715637207e-01 -3.674989193677902222e-02 3.986687958240509033e-01 3.138511962890625000e+02
-4.783635616302490234e+00 -9.783309102058410645e-01 -1.681645214557647705e-02 3.968315124511718750e-01 3.148488464355468750e+02
-4.849360942840576172e+00 -1.040514707565307617e+00 3.025123849511146545e-03 3.936959505081176758e-01 3.158478698730468750e+02
-4.898361206054687500e+00 -1.097721934318542480e+00 2.270992100238800049e-02 3.892993330955505371e-01 3.168480224609375000e+02
-4.930525302886962891e+00 -1.149428844451904297e+00 4.217489063739776611e-02 3.836351633071899414e-01 3.178489990234375000e+02
-4.945783138275146484e+00 -1.195061087608337402e+00 6.135664880275726318e-02 3.766545951366424561e-01 3.188505249023437500e+02
-4.944105625152587891e+00 -1.233977556228637695e+00 8.018937706947326660e-02 3.682671785354614258e-01 3.198522949218750000e+02
-4.925502777099609375e+00 -1.265452027320861816e+00 9.860273450613021851e-02 3.583420515060424805e-01 3.208540344238281250e+02
-4.890025138854980469e+00 -1.288653612136840820e+00 1.165198385715484619e-01 3.467108905315399170e-01 3.218554077148437500e+02
-4.837764739990234375e+00 -1.302628040313720703e+00 1.338553875684738159e-01 3.331741094589233398e-01 3.228561096191406250e+02
-4.768857479095458984e+00 -1.306282877922058105e+00 1.505140960216522217e-01 3.175126314163208008e-01 3.238558654785156250e+02
-4.683486938476562500e+00 -1.298381209373474121e+00 1.663897335529327393e-01 2.995084822177886963e-01 3.248543395996093750e+02
-4.581886291503906250e+00 -1.277555823326110840e+00 1.813651621341705322e-01 2.789776027202606201e-01 3.258512878417968750e+02
-4.464344024658203125e+00 -1.242359399795532227e+00 1.953140497207641602e-01 2.558180391788482666e-01 3.268464050292968750e+02
-4.331206321716308594e+00 -1.191375017166137695e+00 2.081049531698226929e-01 2.300771623849868774e-01 3.278394470214843750e+02
-4.182883739471435547e+00 -1.123423814773559570e+00 2.196088135242462158e-01 2.020368129014968872e-01 3.288301696777343750e+02
-4.019857883453369141e+00 -1.037910223007202148e+00 2.297106534242630005e-01 1.723105907440185547e-01 3.298183898925781250e+02
-3.842694520950317383e+00 -9.353405237197875977e-01 2.383261770009994507e-01 1.419315040111541748e-01 3.308039245605468750e+02
-3.652063131332397461e+00 -8.180020451545715332e-01 2.454227507114410400e-01 1.123782545328140259e-01 3.317867126464843750e+02
-3.448771238327026367e+00 -6.906667351722717285e-01 2.510416507720947266e-01 8.542776107788085938e-02 3.327666931152343750e+02
-3.233808994293212891e+00 -5.609509944915771484e-01 2.553130388259887695e-01 6.266088038682937622e-02 3.337439270019531250e+02
-3.008399009704589844e+00 -4.387444853782653809e-01 2.584460973739624023e-01 4.451943933963775635e-02 3.347185974121093750e+02
-2.774029016494750977e+00 -3.342521190643310547e-01 2.606720626354217529e-01 2.924422174692153931e-02 3.356909790039062500e+02
-2.532447099685668945e+00 -2.549291551113128662e-01 2.621342837810516357e-01 1.262987218797206879e-02 3.366614990234375000e+02
-2.285615682601928711e+00 -2.024490535259246826e-01 2.627657651901245117e-01 -1.060425490140914917e-02 3.376306457519531250e+02
-2.035638332366943359e+00 -1.712321937084197998e-01 2.622355520725250244e-01 -4.429366812109947205e-02 3.385989379882812500e+02
-1.784666895866394043e+00 -1.498343795537948608e-01 2.600208818912506104e-01 -8.878025412559509277e-02 3.395669555664062500e+02
-1.534806013107299805e+00 -1.251470595598220825e-01 2.555818557739257812e-01 -1.407137811183929443e-01 3.405352783203125000e+02
-1.288051724433898926e+00 -8.715921640396118164e-02 2.485461682081222534e-01 -1.946367323398590088e-01 3.415043640136718750e+02
-1.046280741691589355e+00 -3.152860328555107117e-02 2.388143241405487061e-01 -2.451765239238739014e-01 3.424747009277343750e+02
-8.112616539001464844e-01 4.087369516491889954e-02 2.265554964542388916e-01 -2.886581718921661377e-01 3.434466857910156250e+02
-5.846477746963500977e-01 1.261353939771652222e-01 2.121225893497467041e-01 -3.236036002635955811e-01 3.444206848144531250e+02
-3.679469823837280273e-01 2.195081412792205811e-01 1.959424018859863281e-01 -3.502709865570068359e-01 3.453969421386718750e+02
-1.624906063079833984e-01 3.167766332626342773e-01 1.784288585186004639e-01 -3.698229491710662842e-01 3.463756713867187500e+02
3.058034181594848633e-02 4.147451519966125488e-01 1.599377095699310303e-01 -3.836529850959777832e-01 3.473569946289062500e+02
2.103096395730972290e-01 5.112045407295227051e-01 1.407550573348999023e-01 -3.930239081382751465e-01 3.483409423828125000e+02
3.759078383445739746e-01 6.047011613845825195e-01 1.211038604378700256e-01 -3.989456295967102051e-01 3.493274536132812500e+02
5.267295241355895996e-01 6.942913532257080078e-01 1.011565774679183960e-01 -4.021736383438110352e-01 3.503164672851562500e+02
6.622507572174072266e-01 7.793455123901367188e-01 8.104789257049560547e-02 -4.032509028911590576e-01 3.513078613281250000e+02
7.820492982864379883e-01 8.594112396240234375e-01 6.088534742593765259e-02 -4.025548994541168213e-01 3.523014221191406250e+02
8.857879638671875000e-01 9.341217279434204102e-01 4.075760394334793091e-02 -4.003374278545379639e-01 3.532969665527343750e+02
9.732015728950500488e-01 1.003136754035949707e+00 2.074073255062103271e-02 -3.967536687850952148e-01 3.542942199707031250e+02
1.044086813926696777e+00 1.066103935241699219e+00 9.030494838953018188e-04 -3.918817341327667236e-01 3.552929687500000000e+02
1.098295092582702637e+00 1.122631311416625977e+00 -1.869103685021400452e-02 -3.857350647449493408e-01 3.562929077148437500e+02
1.135726928710937500e+00 1.172264814376831055e+00 -3.797779232263565063e-02 -3.782699704170227051e-01 3.572937927246093750e+02
1.156329274177551270e+00 1.214467883110046387e+00 -5.689129233360290527e-02 -3.693898320198059082e-01 3.582952880859375000e+02
1.160093784332275391e+00 1.248601198196411133e+00 -7.536078244447708130e-02 -3.589481115341186523e-01 3.592971191406250000e+02
1.147057175636291504e+00 1.273901462554931641e+00 -9.330818802118301392e-02 -3.467516899108886719e-01 3.602989807128906250e+02
1.117302298545837402e+00 1.289459824562072754e+00 -1.106457710266113281e-01 -3.325673639774322510e-01 3.613005676269531250e+02
1.070960879325866699e+00 1.294203639030456543e+00 -1.272741407155990601e-01 -3.161339461803436279e-01 3.623015747070312500e+02
1.008216857910156250e+00 1.286886096000671387e+00 -1.430808305740356445e-01 -2.971844077110290527e-01 3.633016967773437500e+02
9.293105006217956543e-01 1.266095638275146484e+00 -1.579400449991226196e-01 -2.754826247692108154e-01 3.643006591796875000e+02
8.345431089401245117e-01 1.230303883552551270e+00 -1.717141717672348022e-01 -2.508794665336608887e-01 3.652981567382812500e+02
7.242820858955383301e-01 1.177981972694396973e+00 -1.842581480741500854e-01 -2.233923971652984619e-01 3.662939758300781250e+02
5.989668369293212891e-01 1.107830047607421875e+00 -1.954277753829956055e-01 -1.933083832263946533e-01 3.672878417968750000e+02
4.591177701950073242e-01 1.019172072410583496e+00 -2.050931900739669800e-01 -1.613026559352874756e-01 3.682795715332031250e+02
3.053500056266784668e-01 9.125630259513854980e-01 -2.131583243608474731e-01 -1.285455524921417236e-01 3.692689819335937500e+02
1.383976787328720093e-01 7.905918359756469727e-01 -2.195855975151062012e-01 -9.673039615154266357e-02 3.702560119628906250e+02
-4.084712266921997070e-02 6.587009429931640625e-01 -2.244221121072769165e-01 -6.787391752004623413e-02 3.712406005859375000e+02
-2.312809973955154419e-01 5.255336761474609375e-01 -2.278158068656921387e-01 -4.367297142744064331e-02 3.722228393554687500e+02
-4.315335750579833984e-01 4.020708203315734863e-01 -2.299994528293609619e-01 -2.433580346405506134e-02 3.732029418945312500e+02
-6.399364471435546875e-01 2.990897595882415771e-01 -2.312162369489669800e-01 -7.435914129018783569e-03 3.741811828613281250e+02
-8.545414805412292480e-01 2.234991192817687988e-01 -2.315880358219146729e-01 1.197374984622001648e-02 3.751579895019531250e+02
-1.073188304901123047e+00 1.751246601343154907e-01 -2.309893518686294556e-01 3.929824382066726685e-02 3.761338500976562500e+02
-1.293605327606201172e+00 1.458801031112670898e-01 -2.290244400501251221e-01 7.750631868839263916e-02 3.771092834472656250e+02
-1.513529300689697266e+00 1.225511282682418823e-01 -2.251491248607635498e-01 1.255083382129669189e-01 3.780848388671875000e+02
-1.730808138847351074e+00 9.208808094263076782e-02 -2.188737094402313232e-01 1.788487434387207031e-01 3.790609741210937500e+02
-1.943443894386291504e+00 4.609776660799980164e-02 -2.099312692880630493e-01 2.318758666515350342e-01 3.800381164550781250e+02
-2.149582386016845703e+00 -1.784731075167655945e-02 -1.983374804258346558e-01 2.798666656017303467e-01 3.810166320800781250e+02
-2.347496986389160156e+00 -9.769257903099060059e-02 -1.843441426753997803e-01 3.201442956924438477e-01 3.819968566894531250e+02
-2.535600662231445312e+00 -1.893036663532257080e-01 -1.683369278907775879e-01 3.520529866218566895e-01 3.829790039062500000e+02
-2.712475061416625977e+00 -2.883306741714477539e-01 -1.507342755794525146e-01 3.762620985507965088e-01 3.839632873535156250e+02
-2.876892328262329102e+00 -3.911269307136535645e-01 -1.319211721420288086e-01 3.940055072307586670e-01 3.849497985839843750e+02
-3.027817726135253906e+00 -4.949690103530883789e-01 -1.122208982706069946e-01 4.065776467323303223e-01 3.859385375976562500e+02
-3.164396047592163086e+00 -5.979405045509338379e-01 -9.189201891422271729e-02 4.151019454002380371e-01 3.869294738769531250e+02
-3.285929679870605469e+00 -6.987225413322448730e-01 -7.113692164421081543e-02 4.204691052436828613e-01 3.879225158691406250e+02
-3.391854286193847656e+00 -7.963997125625610352e-01 -5.011346563696861267e-02 4.233521223068237305e-01 3.889175109863281250e+02
-3.481716871261596680e+00 -8.903129696846008301e-01 -2.894585952162742615e-02 4.242446720600128174e-01 3.899142456054687500e+02
-3.555155754089355469e+00 -9.799576401710510254e-01 -7.733626291155815125e-03 4.234996438026428223e-01 3.909125366210937500e+02
-3.611885786056518555e+00 -1.064914464950561523e+00 1.344135589897632599e-02 4.213598072528839111e-01 3.919121398925781250e+02
-3.651685714721679688e+00 -1.144802689552307129e+00 3.450934588909149170e-02 4.179801344871520996e-01 3.929127502441406250e+02
-3.674389362335205078e+00 -1.219246029853820801e+00 5.540835112333297729e-02 4.134423136711120605e-01 3.939141235351562500e+02
-3.679877996444702148e+00 -1.287844777107238770e+00 7.608047127723693848e-02 4.077639281749725342e-01 3.949159545898437500e+02
-3.668076753616333008e+00 -1.350151181221008301e+00 9.646867215633392334e-02 4.009024500846862793e-01 3.959179687500000000e+02
-3.638951301574707031e+00 -1.405643939971923828e+00 1.165137961506843567e-01 3.927563428878784180e-01 3.969198303222656250e+02
-3.592506647109985352e+00 -1.453700304031372070e+00 1.361516118049621582e-01 3.831637501716613770e-01 3.979212341308593750e+02
-3.528787612915039062e+00 -1.493563771247863770e+00 1.553097963333129883e-01 3.719003200531005859e-01 3.989218444824218750e+02
-3.447880744934082031e+00 -1.524306774139404297e+00 1.739048063755035400e-01 3.586779534816741943e-01 3.999213562011718750e+02
-3.349916934967041016e+00 -1.544787526130676270e+00 1.918387115001678467e-01 3.431471288204193115e-01 4.009194641113281250e+02
-3.235075235366821289e+00 -1.553602814674377441e+00 2.089960724115371704e-01 3.249071240425109863e-01 4.019158325195312500e+02
-3.103587150573730469e+00 -1.549041628837585449e+00 2.252414226531982422e-01 3.035291433334350586e-01 4.029101867675781250e+02
-2.955741167068481445e+00 -1.529050111770629883e+00 2.404178828001022339e-01 2.786007523536682129e-01 4.039022216796875000e+02
-2.791886329650878906e+00 -1.491231799125671387e+00 2.543479204177856445e-01 2.497985959053039551e-01 4.048916625976562500e+02
-2.612434625625610352e+00 -1.432924032211303711e+00 2.668378353118896484e-01 2.169975191354751587e-01 4.058782653808593750e+02
-2.417862653732299805e+00 -1.351418852806091309e+00 2.776876986026763916e-01 1.804211735725402832e-01 4.068617553710937500e+02
-2.208712339401245117e+00 -1.244427919387817383e+00 2.867087721824645996e-01 1.408345550298690796e-01 4.078419799804687500e+02
-1.985597014427185059e+00 -1.110921263694763184e+00 2.937504947185516357e-01 9.977078437805175781e-02 4.088187561035156250e+02
-1.749219655990600586e+00 -9.524523019790649414e-01 2.987390458583831787e-01 5.975167080760002136e-02 4.097919921875000000e+02
-1.500417709350585938e+00 -7.749149203300476074e-01 3.017266392707824707e-01 2.433555573225021362e-02 4.107617187500000000e+02
-1.240243792533874512e+00 -5.901120305061340332e-01 3.029434084892272949e-01 -2.487983554601669312e-03 4.117280578613281250e+02
-9.700748920440673828e-01 -4.155161976814270020e-01 3.028190135955810547e-01 -1.830303482711315155e-02 4.126913146972656250e+02
-6.916932463645935059e-01 -2.704350948333740234e-01 3.019038736820220947e-01 -2.536991797387599945e-02 4.136520080566406250e+02
-4.072649180889129639e-01 -1.692264080047607422e-01 3.006353676319122314e-01 -3.181606158614158630e-02 4.146108093261718750e+02
-1.192196011543273926e-01 -1.148764789104461670e-01 2.990445792675018311e-01 -4.817076772451400757e-02 4.155684509277343750e+02
1.698988080024719238e-01 -9.632501006126403809e-02 2.966360449790954590e-01 -8.143435418605804443e-02 4.165257568359375000e+02
4.575977623462677002e-01 -9.221306443214416504e-02 2.925643324851989746e-01 -1.314705163240432739e-01 4.174834899902343750e+02
7.415915727615356445e-01 -8.016889542341232300e-02 2.859908044338226318e-01 -1.920264065265655518e-01 4.184423217773437500e+02
1.019854068756103516e+00 -4.529710114002227783e-02 2.763894796371459961e-01 -2.545515298843383789e-01 4.194028320312500000e+02
1.290559053421020508e+00 1.728211343288421631e-02 2.636618912220001221e-01 -3.117510974407196045e-01 4.203655090332031250e+02
1.552011013031005859e+00 1.049816012382507324e-01 2.480743378400802612e-01 -3.594168424606323242e-01 4.213307189941406250e+02
1.802637100219726562e+00 2.118293344974517822e-01 2.301034927368164062e-01 -3.964346349239349365e-01 4.222988281250000000e+02
2.041027784347534180e+00 3.314945101737976074e-01 2.102817595005035400e-01 -4.237113296985626221e-01 4.232700500488281250e+02
2.265972852706909180e+00 4.586988687515258789e-01 1.890961974859237671e-01 -4.429886639118194580e-01 4.242445678710937500e+02
2.476470232009887695e+00 5.895258188247680664e-01 1.669467687606811523e-01 -4.560774266719818115e-01 4.252224426269531250e+02
2.671709060668945312e+00 7.212429046630859375e-01 1.441428959369659424e-01 -4.645259678363800049e-01 4.262036437988281250e+02
2.851041555404663086e+00 8.520058989524841309e-01 1.209165975451469421e-01 -4.695450365543365479e-01 4.271880798339843750e+02
3.013952970504760742e+00 9.805929660797119141e-01 9.743934869766235352e-02 -4.720393717288970947e-01 4.281756286621093750e+02
3.160035371780395508e+00 1.106202960014343262e+00 7.383737713098526001e-02 -4.726689755916595459e-01 4.291661071777343750e+02
3.288965225219726562e+00 1.228313446044921875e+00 5.020392686128616333e-02 -4.719079732894897461e-01 4.301593017578125000e+02
3.400486469268798828e+00 1.346584081649780273e+00 2.660852856934070587e-02 -4.700912833213806152e-01 4.311549682617187500e+02
3.494397163391113281e+00 1.460789799690246582e+00 3.103964030742645264e-03 -4.674487709999084473e-01 4.321528320312500000e+02
3.570540189743041992e+00 1.570774435997009277e+00 -2.026847563683986664e-02 -4.641286432743072510e-01 4.331525878906250000e+02
3.628795623779296875e+00 1.676415801048278809e+00 -4.347490891814231873e-02 -4.602125287055969238e-01 4.341539611816406250e+02
3.669075965881347656e+00 1.777597784996032715e+00 -6.648553907871246338e-02 -4.557240903377532959e-01 4.351566467285156250e+02
3.691322803497314453e+00 1.874184727668762207e+00 -8.927174657583236694e-02 -4.506325423717498779e-01 4.361603393554687500e+02
3.695505619049072266e+00 1.965995550155639648e+00 -1.118033751845359802e-01 -4.448519349098205566e-01 4.371647033691406250e+02
3.681621074676513672e+00 2.052775621414184570e+00 -1.340459734201431274e-01 -4.382367730140686035e-01 4.381694335937500000e+02
3.649694204330444336e+00 2.134162902832031250e+00 -1.559578180313110352e-01 -4.305743277072906494e-01 4.391741943359375000e+02
3.599780797958374023e+00 2.209646224975585938e+00 -1.774865388870239258e-01 -4.215746819972991943e-01 4.401786193847656250e+02
3.531971454620361328e+00 2.278511762619018555e+00 -1.985652744770050049e-01 -4.108595252037048340e-01 4.411824035644531250e+02
3.446395397186279297e+00 2.339774608612060547e+00 -2.191082537174224854e-01 -3.979519605636596680e-01 4.421852416992187500e+02
3.343227863311767578e+00 2.392091512680053711e+00 -2.390058487653732300e-01 -3.822717368602752686e-01 4.431867675781250000e+02
3.222695589065551758e+00 2.433651447296142578e+00 -2.581194341182708740e-01 -3.631419837474822998e-01 4.441866455078125000e+02
3.085084199905395508e+00 2.462042808532714844e+00 -2.762765288352966309e-01 -3.398172557353973389e-01 4.451845703125000000e+02
2.930742740631103516e+00 2.474105834960937500e+00 -2.932673990726470947e-01 -3.115436434745788574e-01 4.461802368164062500e+02
2.760084629058837891e+00 2.465798139572143555e+00 -3.088445663452148438e-01 -2.776562571525573730e-01 4.471733093261718750e+02
2.573583126068115234e+00 2.432115554809570312e+00 -3.227273821830749512e-01 -2.377155274152755737e-01 4.481634826660156250e+02
2.371756553649902344e+00 2.367149591445922852e+00 -3.346131443977355957e-01 -1.916626691818237305e-01 4.491504211425781250e+02
2.155145883560180664e+00 2.264353513717651367e+00 -3.441962897777557373e-01 -1.399766802787780762e-01 4.501338195800781250e+02
1.924282789230346680e+00 2.117100238800048828e+00 -3.511951267719268799e-01 -8.382216095924377441e-02 4.511133728027343750e+02
1.679656386375427246e+00 1.919624328613281250e+00 -3.553862273693084717e-01 -2.521435543894767761e-02 4.520887451171875000e+02
1.421687483787536621e+00 1.668540358543395996e+00 -3.566469550132751465e-01 3.269981965422630310e-02 4.530596618652343750e+02
1.150730490684509277e+00 1.365405082702636719e+00 -3.550119698047637939e-01 8.503961563110351562e-02 4.540258483886718750e+02
8.671419620513916016e-01 1.021150827407836914e+00 -3.507599830627441406e-01 1.240458041429519653e-01 4.549872131347656250e+02
5.714790821075439453e-01 6.623187065124511719e-01 -3.445577025413513184e-01 1.382199674844741821e-01 4.559438781738281250e+02
2.648681700229644775e-01 3.329167664051055908e-01 -3.376466929912567139e-01 1.169830188155174255e-01 4.568963012695312500e+02
-5.069345235824584961e-02 8.064287900924682617e-02 -3.317975401878356934e-01 6.498408317565917969e-02 4.578453674316406250e+02
-3.726243078708648682e-01 -6.294073164463043213e-02 -3.285483419895172119e-01 6.755668669939041138e-03 4.587921447753906250e+02
-6.982723474502563477e-01 -9.185303002595901489e-02 -3.282105624675750732e-01 -2.770630270242691040e-02 4.597376403808593750e+02
-1.024969458580017090e+00 -3.110774233937263489e-02 -3.295958638191223145e-01 -1.815526559948921204e-02 4.606827697753906250e+02
-1.350101828575134277e+00 6.645828485488891602e-02 -3.305036127567291260e-01 3.647665306925773621e-02 4.616284484863281250e+02
-1.671478152275085449e+00 1.442392468452453613e-01 -3.286797702312469482e-01 1.212168931961059570e-01 4.625754089355468750e+02
-1.987446069717407227e+00 1.669677197933197021e-01 -3.226189315319061279e-01 2.163058221340179443e-01 4.635242004394531250e+02
-2.296579837799072266e+00 1.258429139852523804e-01 -3.118036389350891113e-01 3.049536645412445068e-01 4.644752502441406250e+02
-2.597366809844970703e+00 3.017774224281311035e-02 -2.965559661388397217e-01 3.767597973346710205e-01 4.654289550781250000e+02
-2.888152122497558594e+00 -1.036227643489837646e-01 -2.777179777622222900e-01 4.286469519138336182e-01 4.663857421875000000e+02
-3.167296409606933594e+00 -2.599255442619323730e-01 -2.562856376171112061e-01 4.628844559192657471e-01 4.673460083007812500e+02
-3.433357477188110352e+00 -4.270280599594116211e-01 -2.331414222717285156e-01 4.837606847286224365e-01 4.683100585937500000e+02
-3.685166358947753906e+00 -5.972378253936767578e-01 -2.089533805847167969e-01 4.953487813472747803e-01 4.692780761718750000e+02
-3.921814918518066406e+00 -7.658861875534057617e-01 -1.841859370470046997e-01 5.007548928260803223e-01 4.702501220703125000e+02
-4.142607688903808594e+00 -9.303090572357177734e-01 -1.591481864452362061e-01 5.021308660507202148e-01 4.712261962890625000e+02
-4.347012519836425781e+00 -1.089086174964904785e+00 -1.340416371822357178e-01 5.009021162986755371e-01 4.722061767578125000e+02
-4.534618854522705078e+00 -1.241539359092712402e+00 -1.089965328574180603e-01 4.979914724826812744e-01 4.731899414062500000e+02
-4.705108165740966797e+00 -1.387418508529663086e+00 -8.409696072340011597e-02 4.939857125282287598e-01 4.741772460937500000e+02
-4.858232021331787109e+00 -1.526707530021667480e+00 -5.939767509698867798e-02 4.892479777336120605e-01 4.751678771972656250e+02
-4.993795394897460938e+00 -1.659505963325500488e+00 -3.493527323007583618e-02 4.839903116226196289e-01 4.761615905761718750e+02
-5.111648082733154297e+00 -1.785954236984252930e+00 -1.073575764894485474e-02 4.783181846141815186e-01 4.771580810546875000e+02
-5.211676120758056641e+00 -1.906185030937194824e+00 1.318015158176422119e-02 4.722571969032287598e-01 4.781570739746093750e+02
-5.293797492980957031e+00 -2.020287275314331055e+00 3.679301217198371887e-02 4.657676517963409424e-01 4.791582336425781250e+02
-5.357958793640136719e+00 -2.128277063369750977e+00 6.008139252662658691e-02 4.587505757808685303e-01 4.801612854003906250e+02
-5.404135227203369141e+00 -2.230068445205688477e+00 8.301892131567001343e-02 4.510479867458343506e-01 4.811658630371093750e+02
-5.432331085205078125e+00 -2.325441598892211914e+00 1.055713221430778503e-01 4.424388408660888672e-01 4.821716613769531250e+02
-5.442580699920654297e+00 -2.414004087448120117e+00 1.276932656764984131e-01 4.326320290565490723e-01 4.831783447265625000e+02
-5.434951782226562500e+00 -2.495142698287963867e+00 1.493248641490936279e-01 4.212581515312194824e-01 4.841855773925781250e+02
-5.409550189971923828e+00 -2.567961931228637695e+00 1.703877747058868408e-01 4.078622460365295410e-01 4.851930236816406250e+02
-5.366524696350097656e+00 -2.631205558776855469e+00 1.907808929681777954e-01 3.919015228748321533e-01 4.862003173828125000e+02
-5.306072235107421875e+00 -2.683160543441772461e+00 2.103759646415710449e-01 3.727532923221588135e-01 4.872071228027343750e+02
-5.228445053100585938e+00 -2.721543788909912109e+00 2.290136218070983887e-01 3.497393429279327393e-01 4.882131042480468750e+02
-5.133952140808105469e+00 -2.743382215499877930e+00 2.465005815029144287e-01 3.221731483936309814e-01 4.892178955078125000e+02
-5.022963047027587891e+00 -2.744901180267333984e+00 2.626092433929443359e-01 2.894355654716491699e-01 4.902211303710937500e+02
-4.895901679992675781e+00 -2.721459150314331055e+00 2.770810127258300781e-01 2.510763108730316162e-01 4.912224731445312500e+02
-4.753235340118408203e+00 -2.667574405670166016e+00 2.896348237991333008e-01 2.069311290979385376e-01 4.922215576171875000e+02
-4.595456123352050781e+00 -2.577097892761230469e+00 2.999813854694366455e-01 1.572389900684356689e-01 4.932179870605468750e+02
-4.423054218292236328e+00 -2.443573951721191406e+00 3.078433275222778320e-01 1.027523279190063477e-01 4.942113952636718750e+02
-4.236485004425048828e+00 -2.260842800140380859e+00 3.129809498786926270e-01 4.484949633479118347e-02 4.952014160156250000e+02
