-4.893460497260093689e-02
-6.024562940001487732e-02
-6.234996020793914795e-02
-5.647273361682891846e-02
-4.470086097717285156e-02
-2.954194322228431702e-02
-1.362646557390689850e-02
5.425680428743362427e-04
1.091579254716634750e-02
1.621351391077041626e-02
1.613354310393333435e-02
1.146723702549934387e-02
4.056826233863830566e-03
-3.600934753194451332e-03
-9.118458256125450134e-03
-1.092804595828056335e-02
-8.583121933043003082e-03
-2.707446925342082977e-03
5.267969798296689987e-03
1.355281844735145569e-02
2.053531073033809662e-02
2.520263753831386566e-02
2.729499712586402893e-02
2.720584720373153687e-02
2.572553791105747223e-02
2.374543808400630951e-02
2.201805263757705688e-02
2.102040685713291168e-02
2.091857045888900757e-02
2.160635776817798615e-02
2.278878912329673767e-02
2.408271282911300659e-02
2.511158771812915802e-02
2.557735145092010498e-02
2.530088089406490326e-02
2.423242479562759399e-02
2.243803068995475769e-02
2.007162570953369141e-02
1.733920909464359283e-02
1.446096599102020264e-02
1.163525599986314774e-02
9.007117711007595062e-03
6.646049208939075470e-03
4.537029657512903214e-03
2.587751951068639755e-03
6.539652240462601185e-04
-1.422010478563606739e-03
-3.767948830500245094e-03
-6.445565726608037949e-03
-9.432610124349594116e-03
-1.262846495956182480e-02
-1.588141173124313354e-02
-1.902719773352146149e-02
-2.192581444978713989e-02
-2.448470704257488251e-02
-2.666424214839935303e-02
-2.846764028072357178e-02
-2.992361783981323242e-02
-3.106850944459438324e-02
-3.193428367376327515e-02
-3.254289552569389343e-02
-3.290505334734916687e-02
-3.302313014864921570e-02
-3.289489075541496277e-02
-3.251783177256584167e-02
-3.189228847622871399e-02
-3.102359920740127563e-02
-2.992315962910652161e-02
-2.860796079039573669e-02
-2.710007503628730774e-02
-2.542502991855144501e-02
-2.361000888049602509e-02
-2.168163098394870758e-02
-1.966350153088569641e-02
-1.757356896996498108e-02
-1.542197819799184799e-02
-1.320930849760770798e-02
-1.092562358826398849e-02
-8.551405742764472961e-03
-6.061072926968336105e-03
-3.428461961448192596e-03
-6.348630413413047791e-04
2.324227942153811455e-03
5.432933568954467773e-03
8.653021417558193207e-03
1.192568615078926086e-02
1.517869625240564346e-02
1.833568885922431946e-02
2.132556028664112091e-02
2.408875338733196259e-02
2.657974883913993835e-02
2.876619435846805573e-02
3.062659688293933868e-02
3.214740380644798279e-02
3.332133963704109192e-02
3.414656594395637512e-02
3.462624177336692810e-02
3.476864844560623169e-02
3.458698838949203491e-02
3.409912064671516418e-02
3.332709521055221558e-02
3.229640424251556396e-02
3.103529289364814758e-02
2.957363799214363098e-02
2.794199995696544647e-02
2.617038972675800323e-02
2.428685314953327179e-02
2.231611683964729309e-02
2.027765475213527679e-02
1.818403229117393494e-02
1.603924669325351715e-02
1.383738778531551361e-02
1.156267896294593811e-02
9.190511889755725861e-03
6.690730340778827667e-03
4.033348057419061661e-03
1.195755205117166042e-03
-1.829019398428499699e-03
-5.025777965784072876e-03
-8.353798650205135345e-03
-1.174899935722351074e-02
-1.513121835887432098e-02
-1.841435767710208893e-02
-2.151730656623840332e-02
-2.437095530331134796e-02
-2.692117914557456970e-02
-2.912859991192817688e-02
-3.096646443009376526e-02
-3.241822868585586548e-02
-3.347612544894218445e-02
-3.414101898670196533e-02
-3.442063555121421814e-02
-3.432877734303474426e-02
-3.388427942991256714e-02
-3.311046212911605835e-02
-3.203450888395309448e-02
-3.068673051893711090e-02
-2.909974381327629089e-02
-2.730738744139671326e-02
-2.534354478120803833e-02
-2.324073016643524170e-02
-2.102830074727535248e-02
-1.873018406331539154e-02
-1.636260747909545898e-02
-1.393204182386398315e-02
-1.143300347030162811e-02
-8.847554214298725128e-03
-6.146635394543409348e-03
-3.294417634606361389e-03
-2.565972390584647655e-04
2.989954547956585884e-03
6.447077728807926178e-03
1.008818112313747406e-02
1.385518070310354233e-02
1.766378432512283325e-02
2.141482010483741760e-02
2.500834316015243530e-02
2.835595794022083282e-02
3.138789162039756775e-02
3.405442088842391968e-02
3.632355108857154846e-02
3.817695751786231995e-02
3.960669040679931641e-02
4.061270505189895630e-02
4.120141267776489258e-02
4.138495400547981262e-02
4.118058830499649048e-02
4.061001911759376526e-02
3.969901427626609802e-02
3.847688436508178711e-02
3.697616606950759888e-02
3.523195162415504456e-02
3.328137099742889404e-02
3.116328269243240356e-02
2.891747280955314636e-02
2.658364735543727875e-02
2.419985830783843994e-02
2.180060558021068573e-02
1.941372267901897430e-02
1.705706305801868439e-02
1.473379787057638168e-02
1.242812722921371460e-02
1.010154653340578079e-02
7.691739592701196671e-03
5.116085521876811981e-03
2.281934255734086037e-03
-8.955556550063192844e-04
-4.470323678106069565e-03
-8.442479185760021210e-03
-1.274470798671245575e-02
-1.724557578563690186e-02
-2.177186682820320129e-02
-2.614332363009452820e-02
-3.020422160625457764e-02
-3.384272009134292603e-02
-3.699255734682083130e-02
-3.962298110127449036e-02
-4.172923788428306580e-02
-4.332246258854866028e-02
-4.441992938518524170e-02
-4.504117369651794434e-02
-4.520684108138084412e-02
-4.493958875536918640e-02
-4.426487907767295837e-02
-4.321115463972091675e-02
-4.181045666337013245e-02
-4.009817168116569519e-02
-3.811335936188697815e-02
-3.589824959635734558e-02
-3.349848091602325439e-02
-3.096258267760276794e-02
-2.834149822592735291e-02
-2.568759210407733917e-02
-2.305311523377895355e-02
-2.048726379871368408e-02
-1.803253777325153351e-02
-1.571905799210071564e-02
-1.355767063796520233e-02
-1.153172552585601807e-02
-9.589091874659061432e-03
-7.637329865247011185e-03
-5.545451771467924118e-03
-3.157214727252721786e-03
-3.179224149789661169e-04
3.084319178014993668e-03
7.076785434037446976e-03
1.157520804554224014e-02
1.638703048229217529e-02
2.125038392841815948e-02
2.589816413819789886e-02
3.011868707835674286e-02
3.378690779209136963e-02
3.686008974909782410e-02
3.935029357671737671e-02
4.129301011562347412e-02
4.272517189383506775e-02
4.367550089955329895e-02
4.416382312774658203e-02
4.420473426580429077e-02
4.381190612912178040e-02
4.300158470869064331e-02
4.179462790489196777e-02
4.021766781806945801e-02
3.830342739820480347e-02
3.609053790569305420e-02
3.362348675727844238e-02
3.095202520489692688e-02
2.813070639967918396e-02
2.521780505776405334e-02
2.227343246340751648e-02
1.935687288641929626e-02
1.652230508625507355e-02
1.381209958344697952e-02
1.124867424368858337e-02
8.823676966130733490e-03
6.487605161964893341e-03
4.142111167311668396e-03
1.641359063796699047e-03
-1.192041556350886822e-03
-4.531600046902894974e-03
-8.496649563312530518e-03
-1.310082245618104935e-02
-1.822259649634361267e-02
-2.361805178225040436e-02
-2.897764369845390320e-02
-3.400244563817977905e-02
-3.846694529056549072e-02
-4.224233329296112061e-02
-4.528628662228584290e-02
-4.761904105544090271e-02
-4.928861185908317566e-02
-5.034804716706275940e-02
-5.084496736526489258e-02
-5.082001537084579468e-02
-5.030776560306549072e-02
-4.933971911668777466e-02
-4.794601723551750183e-02
-4.615702852606773376e-02
-4.400504380464553833e-02
-4.152511805295944214e-02
-3.875564411282539368e-02
-3.573970124125480652e-02
-3.252566605806350708e-02
-2.916800230741500854e-02
-2.572818472981452942e-02
-2.227473817765712738e-02
-1.888314634561538696e-02
-1.563442870974540710e-02
-1.261142455041408539e-02
-9.892990812659263611e-03
-7.543213199824094772e-03
-5.595942959189414978e-03
-4.032942466437816620e-03
-2.758909016847610474e-03
-1.578962081111967564e-03
-1.926882250700145960e-04
1.777866738848388195e-03
4.710676148533821106e-03
8.864671923220157623e-03
1.426031719893217087e-02
2.061927504837512970e-02
2.741565555334091187e-02
3.403734043240547180e-02
3.997473046183586121e-02
4.493566602468490601e-02
4.884630069136619568e-02
5.177650973200798035e-02
5.385436490178108215e-02
5.520757287740707397e-02
5.593815818428993225e-02
5.611918494105339050e-02
5.580072849988937378e-02
5.501778051257133484e-02
5.379688367247581482e-02
5.216051638126373291e-02
5.013027042150497437e-02
4.772838205099105835e-02
4.497897252440452576e-02
4.190905392169952393e-02
3.854947909712791443e-02
3.493613377213478088e-02
3.111079707741737366e-02
2.712277323007583618e-02
2.303016930818557739e-02
1.890176907181739807e-02
1.481823530048131943e-02
1.087366137653589249e-02
7.175916805863380432e-03
3.845321945846080780e-03
1.011056010611355305e-03
-1.197937410324811935e-03
-2.668891334906220436e-03
-3.332544583827257156e-03
-3.203432541340589523e-03
-2.433154266327619553e-03
-1.364681520499289036e-03
-5.586470942944288254e-04
-7.439409382641315460e-04
-2.658081706613302231e-03
-6.801923271268606186e-03
-1.320131123065948486e-02
-2.129603363573551178e-02
-3.006270527839660645e-02
-3.836266696453094482e-02
-4.533065855503082275e-02
-5.056846514344215393e-02
-5.409884080290794373e-02
-5.618630349636077881e-02
-5.715476348996162415e-02
-5.728472769260406494e-02
-5.677934736013412476e-02
-5.577120184898376465e-02
-5.434054508805274963e-02
-5.253388732671737671e-02
-5.037784203886985779e-02
-4.788970574736595154e-02
-4.508383199572563171e-02
-4.197566211223602295e-02
-3.858426958322525024e-02
-3.493491932749748230e-02
-3.106016293168067932e-02
-2.700199000537395477e-02
-2.281313203275203705e-02
-1.855915971100330353e-02
-1.432010065764188766e-02
-1.019196491688489914e-02
-6.287669762969017029e-03
-2.735919319093227386e-03
3.223680250812321901e-04
2.743881661444902420e-03
4.400810226798057556e-03
5.212501622736454010e-03
5.192956887185573578e-03
4.514994565397500992e-03
3.573538735508918762e-03
3.009772161021828651e-03
3.634877968579530716e-03
6.218152586370706558e-03
1.118980720639228821e-02
1.839355938136577606e-02
2.704196795821189880e-02
3.596688061952590942e-02
4.405815154314041138e-02
5.061381310224533081e-02
5.541748180985450745e-02
5.859823524951934814e-02
6.043492630124092102e-02
6.121570616960525513e-02
6.117354705929756165e-02
6.047406047582626343e-02
5.922633782029151917e-02
5.749948322772979736e-02
5.533682554960250854e-02
5.276636034250259399e-02
4.980803281068801880e-02
4.647811874747276306e-02
4.279255121946334839e-02
3.876979649066925049e-02
3.443241864442825317e-02
2.980893105268478394e-02
2.493628673255443573e-02
1.986183971166610718e-02
1.464611291885375977e-02
9.366043843328952789e-03
4.118238575756549835e-03
-9.773503988981246948e-04
-5.773712880909442902e-03
-1.009446382522583008e-02
-1.373425684869289398e-02
-1.646462827920913696e-02
-1.805132254958152771e-02
-1.829021424055099487e-02
-1.707235164940357208e-02
-1.448824722319841385e-02
-1.096736174076795578e-02
-7.401579990983009338e-03
-5.119623616337776184e-03
-5.569777451455593109e-03
-9.773812256753444672e-03
-1.782319135963916779e-02
-2.867686562240123749e-02
-4.047825932502746582e-02
-5.133653804659843445e-02
-6.002504751086235046e-02
-6.616391241550445557e-02
-6.995697319507598877e-02
-7.184502482414245605e-02
-7.227520644664764404e-02
-7.160620391368865967e-02
-7.009507715702056885e-02
-6.791482865810394287e-02
-6.517628580331802368e-02
-6.194762885570526123e-02
-5.826952680945396423e-02
-5.416475608944892883e-02
-4.964529350399971008e-02
-4.471665620803833008e-02
-3.938111662864685059e-02
-3.364041075110435486e-02
-2.749808132648468018e-02
-2.096151188015937805e-02
-1.404420286417007446e-02
-6.768541876226663589e-03
8.314455044455826283e-04
8.706178516149520874e-03
1.678653433918952942e-02
2.497909590601921082e-02
3.316035866737365723e-02
4.116898775100708008e-02
4.879708960652351379e-02
5.578275397419929504e-02
6.180099770426750183e-02
6.646245718002319336e-02
6.931505352258682251e-02
6.985693424940109253e-02
6.756611913442611694e-02
6.195688620209693909e-02
5.268833786249160767e-02
3.978095948696136475e-02
2.401891723275184631e-02
7.514845579862594604e-03
-6.149617955088615417e-03
-1.317502558231353760e-02
-1.124282833188772202e-02
-1.628505560802295804e-04
1.778949238359928131e-02
3.812975063920021057e-02
5.623595789074897766e-02
6.944940984249114990e-02
7.730580866336822510e-02
8.065706491470336914e-02
8.075974881649017334e-02
7.872991263866424561e-02
7.536827772855758667e-02
7.118505239486694336e-02
6.648032367229461670e-02
6.141903251409530640e-02
5.608327314257621765e-02
5.050610005855560303e-02
4.469308629631996155e-02
3.863627463579177856e-02
3.232113644480705261e-02
2.573273517191410065e-02
1.885895803570747375e-02
1.169338449835777283e-02
4.237808752804994583e-03
-3.495200769975781441e-03
-1.147988438606262207e-02
-1.967383734881877899e-02
-2.801491506397724152e-02
-3.641634434461593628e-02
-4.476160928606987000e-02
-5.289944261312484741e-02
-6.063844263553619385e-02
-6.773982197046279907e-02
-7.391209900379180908e-02
-7.880743592977523804e-02
-8.202228695154190063e-02
-8.310209959745407104e-02
-8.155577629804611206e-02
