2.289981079101562500e+01
2.348135375976562500e+01
2.381902885437011719e+01
2.392023086547851562e+01
2.380822944641113281e+01
2.351946258544921875e+01
2.309799575805664062e+01
2.258991241455078125e+01
2.203391456604003906e+01
2.145355033874511719e+01
2.086853218078613281e+01
1.976089859008789062e+01
1.921195983886718750e+01
1.869189071655273438e+01
1.789343643188476562e+01
1.749392318725585938e+01
1.689302444458007812e+01
1.600771713256835938e+01
1.577197456359863281e+01
1.554552173614501953e+01
1.562437152862548828e+01
1.584123802185058594e+01
1.550407123565673828e+01
1.601940727233886719e+01
1.676740646362304688e+01
1.761794853210449219e+01
1.872730636596679688e+01
2.002437591552734375e+01
2.152443695068359375e+01
2.324175453186035156e+01
2.518890953063964844e+01
2.738102722167968750e+01
2.983147811889648438e+01
3.205880355834960938e+01
3.513202285766601562e+01
3.842332458496093750e+01
4.199600601196289062e+01
4.585132217407226562e+01
4.998501968383789062e+01
5.438196563720703125e+01
5.900809478759765625e+01
6.383224487304687500e+01
6.880586242675781250e+01
7.392906188964843750e+01
7.861025238037109375e+01
8.381364440917968750e+01
8.893196105957031250e+01
9.390370178222656250e+01
9.879408264160156250e+01
1.035403289794921875e+02
1.082125854492187500e+02
1.109068603515625000e+02
1.126759796142578125e+02
1.148620147705078125e+02
1.103636627197265625e+02
9.673069763183593750e+01
9.252297973632812500e+01
8.280321502685546875e+01
6.658942413330078125e+01
5.480661392211914062e+01
4.455159759521484375e+01
4.324703979492187500e+01
3.764215850830078125e+01
3.745287322998046875e+01
3.820863342285156250e+01
3.708983612060546875e+01
3.799089050292968750e+01
3.934164428710937500e+01
3.815812301635742188e+01
3.951967620849609375e+01
4.091952514648437500e+01
4.203720855712890625e+01
4.296813964843750000e+01
4.073992919921875000e+01
4.072727203369140625e+01
4.135881042480468750e+01
4.077766036987304688e+01
4.104067230224609375e+01
4.130279541015625000e+01
4.002513122558593750e+01
3.849018478393554688e+01
3.894602203369140625e+01
3.948643112182617188e+01
3.942353057861328125e+01
3.960267639160156250e+01
3.959574890136718750e+01
3.954673004150390625e+01
4.004124069213867188e+01
4.050597381591796875e+01
4.095411682128906250e+01
4.124177551269531250e+01
4.156877136230468750e+01
4.083632659912109375e+01
4.040245056152343750e+01
3.877455902099609375e+01
3.819872283935546875e+01
3.515238189697265625e+01
3.403598022460937500e+01
3.371762084960937500e+01
3.338452148437500000e+01
