6.579171142578125000e+02
6.950551147460937500e+02
7.197536010742187500e+02
7.319613647460937500e+02
7.331816406250000000e+02
7.260350952148437500e+02
7.136154174804687500e+02
6.988076171875000000e+02
6.837738647460937500e+02
6.698723754882812500e+02
6.579688720703125000e+02
5.099903564453125000e+02
4.979311828613281250e+02
4.874158020019531250e+02
4.480640869140625000e+02
4.412676696777343750e+02
4.168343811035156250e+02
3.703352355957031250e+02
3.653923339843750000e+02
3.557914733886718750e+02
3.598231201171875000e+02
3.691404418945312500e+02
2.334180145263671875e+02
2.427183685302734375e+02
2.597002563476562500e+02
2.796995239257812500e+02
3.085326843261718750e+02
3.447602539062500000e+02
3.903120117187500000e+02
4.474539489746093750e+02
5.189912719726562500e+02
6.085952758789062500e+02
7.205007324218750000e+02
7.479747924804687500e+02
9.212398071289062500e+02
1.131640747070312500e+03
1.389523803710937500e+03
1.703148559570312500e+03
2.080747802734375000e+03
2.529128417968750000e+03
3.053432128906250000e+03
3.655383300781250000e+03
4.335950683593750000e+03
5.095666503906250000e+03
5.813179199218750000e+03
6.701559082031250000e+03
7.627972167968750000e+03
8.582441406250000000e+03
9.553893554687500000e+03
1.053609863281250000e+04
1.154620703125000000e+04
1.246428710937500000e+04
1.327620507812500000e+04
1.408262207031250000e+04
1.383004003906250000e+04
1.188650781250000000e+04
1.179744628906250000e+04
1.069043359375000000e+04
8.032089355468750000e+03
5.572212402343750000e+03
3.491023925781250000e+03
3.293808105468750000e+03
2.180438964843750000e+03
2.018129882812500000e+03
2.190887207031250000e+03
1.930739746093750000e+03
1.983500610351562500e+03
2.137284667968750000e+03
1.658314697265625000e+03
1.751503906250000000e+03
1.849756103515625000e+03
1.931713500976562500e+03
1.992062133789062500e+03
1.596220214843750000e+03
1.550395263671875000e+03
1.561435791015625000e+03
1.373343994140625000e+03
1.371485839843750000e+03
1.381780761718750000e+03
1.267228759765625000e+03
1.147813110351562500e+03
1.192591552734375000e+03
1.241778564453125000e+03
1.255881225585937500e+03
1.295959960937500000e+03
1.308781616210937500e+03
1.241959716796875000e+03
1.293510253906250000e+03
1.338202880859375000e+03
1.385705322265625000e+03
1.425643066406250000e+03
1.465340576171875000e+03
1.401100097656250000e+03
1.403017578125000000e+03
1.280442382812500000e+03
1.259097412109375000e+03
9.728980712890625000e+02
9.336776123046875000e+02
9.367731323242187500e+02
9.302529296875000000e+02
