0.000000000000000000e+00 0.000000000000000000e+00 3.333333507180213928e-02 0.000000000000000000e+00 0.000000000000000000e+00
3.332716226577758789e-02 -5.273188464343547821e-03 3.333333507180213928e-02 -3.726096125319600105e-03 9.994444847106933594e-01
6.639081239700317383e-02 1.848349347710609436e-05 3.314702957868576050e-02 -2.634583972394466400e-03 1.998897790908813477e+00
9.953269362449645996e-02 1.670461613684892654e-03 3.301529958844184875e-02 -2.364356070756912231e-03 2.998348474502563477e+00
1.326254755258560181e-01 2.246374264359474182e-03 3.289708122611045837e-02 -2.332136500626802444e-03 3.997800827026367188e+00
1.656288802623748779e-01 1.997557468712329865e-03 3.278047591447830200e-02 -2.721799304708838463e-03 4.997255802154541016e+00
1.985033154487609863e-01 1.476735575124621391e-03 3.264438733458518982e-02 -3.501801053062081337e-03 5.996715545654296875e+00
2.312157005071640015e-01 1.081379130482673645e-03 3.246929869055747986e-02 -4.595687612891197205e-03 6.996180534362792969e+00
2.637333273887634277e-01 1.084273331798613071e-03 3.223951533436775208e-02 -5.885517690330743790e-03 7.995651721954345703e+00
2.960214316844940186e-01 1.610018312931060791e-03 3.194523975253105164e-02 -7.246716879308223724e-03 8.995130538940429688e+00
3.280417025089263916e-01 2.658701734617352486e-03 3.158290311694145203e-02 -8.567643351852893829e-03 9.994617462158203125e+00
3.597522377967834473e-01 4.135997034609317780e-03 3.115452080965042114e-02 -9.765151888132095337e-03 1.099411487579345703e+01
3.911084234714508057e-01 5.890429951250553131e-03 3.066626377403736115e-02 -1.079258508980274200e-02 1.199362277984619141e+01
4.220642745494842529e-01 7.757166400551795959e-03 3.012663498520851135e-02 -1.163617800921201706e-02 1.299314308166503906e+01
4.525740444660186768e-01 9.582262486219406128e-03 2.954482659697532654e-02 -1.231264322996139526e-02 1.399267768859863281e+01
4.825934767723083496e-01 1.124904863536357880e-02 2.892919443547725677e-02 -1.285810768604278564e-02 1.499222755432128906e+01
5.120808482170104980e-01 1.269060280174016953e-02 2.828628942370414734e-02 -1.331623736768960953e-02 1.599179267883300781e+01
5.409976243972778320e-01 1.388037111610174179e-02 2.762047760188579559e-02 -1.373450551182031631e-02 1.699137496948242188e+01
5.693083405494689941e-01 1.484041754156351089e-02 2.693375200033187866e-02 -1.414917223155498505e-02 1.799097442626953125e+01
5.969805717468261719e-01 1.561346556991338730e-02 2.622629329562187195e-02 -1.458857115358114243e-02 1.899059104919433594e+01
6.239842772483825684e-01 1.626090332865715027e-02 2.549686469137668610e-02 -1.506644207984209061e-02 1.999022674560546875e+01
6.502911448478698730e-01 1.684554666280746460e-02 2.474354207515716553e-02 -1.558426022529602051e-02 2.098988151550292969e+01
6.758741736412048340e-01 1.742190122604370117e-02 2.396432869136333466e-02 -1.613355986773967743e-02 2.198955535888671875e+01
7.007070779800415039e-01 1.802681200206279755e-02 2.315765060484409332e-02 -1.670128479599952698e-02 2.298924636840820312e+01
7.247637510299682617e-01 1.868293993175029755e-02 2.232258580625057220e-02 -1.727036014199256897e-02 2.398895645141601562e+01
7.480183839797973633e-01 1.939693279564380646e-02 2.145906724035739899e-02 -1.782329753041267395e-02 2.498868560791015625e+01
7.704454064369201660e-01 2.015541121363639832e-02 2.056790143251419067e-02 -1.834902912378311157e-02 2.598843383789062500e+01
7.920194268226623535e-01 2.094427496194839478e-02 1.965044997632503510e-02 -1.883668079972267151e-02 2.698820114135742188e+01
8.127156496047973633e-01 2.173901163041591644e-02 1.870861649513244629e-02 -1.928267441689968109e-02 2.798798751831054688e+01
8.325099349021911621e-01 2.251656167209148407e-02 1.774448342621326447e-02 -1.968753710389137268e-02 2.898779296875000000e+01
8.513791561126708984e-01 2.326064556837081909e-02 1.676010712981224060e-02 -2.005316503345966339e-02 2.998761558532714844e+01
8.693013191223144531e-01 2.395708486437797546e-02 1.575744897127151489e-02 -2.038484066724777222e-02 3.098745536804199219e+01
8.862558007240295410e-01 2.459897845983505249e-02 1.473820675164461136e-02 -2.068818919360637665e-02 3.198731231689453125e+01
9.022232890129089355e-01 2.518617548048496246e-02 1.370379701256752014e-02 -2.096777781844139099e-02 3.298718643188476562e+01
9.171858429908752441e-01 2.572088316082954407e-02 1.265540812164545059e-02 -2.122811228036880493e-02 3.398707580566406250e+01
9.311268329620361328e-01 2.620984427630901337e-02 1.159400213509798050e-02 -2.147145569324493408e-02 3.498698043823242188e+01
9.440310001373291016e-01 2.666258439421653748e-02 1.052042935043573380e-02 -2.169713005423545837e-02 3.598689651489257812e+01
9.558842778205871582e-01 2.708107791841030121e-02 9.435572661459445953e-03 -2.190709114074707031e-02 3.698682785034179688e+01
9.666737318038940430e-01 2.747652865946292877e-02 8.340218104422092438e-03 -2.209692075848579407e-02 3.798677062988281250e+01
9.763876199722290039e-01 2.784813940525054932e-02 7.235371973365545273e-03 -2.226625196635723114e-02 3.898672485351562500e+01
9.850152730941772461e-01 2.819921262562274933e-02 6.122059188783168793e-03 -2.241190709173679352e-02 3.998668670654296875e+01
9.925472140312194824e-01 2.852779440581798553e-02 5.001463927328586578e-03 -2.253246493637561798e-02 4.098666000366210938e+01
9.989750385284423828e-01 2.883159369230270386e-02 3.874840680509805679e-03 -2.262676693499088287e-02 4.198664093017578125e+01
1.004291415214538574e+00 2.910922467708587646e-02 2.743502147495746613e-03 -2.269319631159305573e-02 4.298662948608398438e+01
1.008490324020385742e+00 2.935690805315971375e-02 1.608842285349965096e-03 -2.273163758218288422e-02 4.398662185668945312e+01
1.011566996574401855e+00 2.957207523286342621e-02 4.722604062408208847e-04 -2.274205721914768219e-02 4.498661804199218750e+01
1.013517856597900391e+00 2.975204214453697205e-02 -6.648424314334988594e-04 -2.272514812648296356e-02 4.598661804199218750e+01
1.014340639114379883e+00 2.989545091986656189e-02 -1.801099861040711403e-03 -2.268160879611968994e-02 4.698661804199218750e+01
1.014034271240234375e+00 3.000081330537796021e-02 -2.935180440545082092e-03 -2.261281199753284454e-02 4.798661804199218750e+01
1.012599110603332520e+00 3.006929159164428711e-02 -4.065820947289466858e-03 -2.251912094652652740e-02 4.898661804199218750e+01
1.010036706924438477e+00 3.010271862149238586e-02 -5.191776901483535767e-03 -2.240024693310260773e-02 4.998661422729492188e+01
1.006350040435791016e+00 3.009964898228645325e-02 -6.311789155006408691e-03 -2.225764095783233643e-02 5.098661041259765625e+01
1.001543283462524414e+00 3.006226569414138794e-02 -7.424671202898025513e-03 -2.209106460213661194e-02 5.198659896850585938e+01
9.956217408180236816e-01 2.999031171202659607e-02 -8.529224433004856110e-03 -2.190135978162288666e-02 5.298658370971679688e+01
9.885920882225036621e-01 2.988671138882637024e-02 -9.624292142689228058e-03 -2.168747782707214355e-02 5.398656082153320312e+01
9.804621934890747070e-01 2.975061349570751190e-02 -1.070866640657186508e-02 -2.144991979002952576e-02 5.498653030395507812e+01
9.712411761283874512e-01 2.958213724195957184e-02 -1.178116258233785629e-02 -2.118889987468719482e-02 5.598648834228515625e+01
9.609392881393432617e-01 2.938392758369445801e-02 -1.284060720354318619e-02 -2.090288512408733368e-02 5.698643493652343750e+01
9.495680928230285645e-01 2.915120124816894531e-02 -1.388575136661529541e-02 -2.059439197182655334e-02 5.798637008666992188e+01
9.371402263641357422e-01 2.888773754239082336e-02 -1.491547096520662308e-02 -2.026198804378509521e-02 5.898629379272460938e+01
9.236695170402526855e-01 2.859070152044296265e-02 -1.592857018113136292e-02 -1.990745030343532562e-02 5.998620605468750000e+01
9.091709852218627930e-01 2.826190553605556488e-02 -1.692394353449344635e-02 -1.953061670064926147e-02 6.098610305786132812e+01
8.936607241630554199e-01 2.790283411741256714e-02 -1.790047436952590942e-02 -1.913104020059108734e-02 6.198598480224609375e+01
8.771561384201049805e-01 2.751062437891960144e-02 -1.885702647268772125e-02 -1.871080882847309113e-02 6.298585128784179688e+01
8.596755266189575195e-01 2.708788402378559113e-02 -1.979256607592105865e-02 -1.826960593461990356e-02 6.398569869995117188e+01
8.412383794784545898e-01 2.663460932672023773e-02 -2.070604637265205383e-02 -1.780818589031696320e-02 6.498552703857421875e+01
8.218652606010437012e-01 2.615183964371681213e-02 -2.159645594656467438e-02 -1.732682622969150543e-02 6.598534393310546875e+01
8.015777468681335449e-01 2.563864737749099731e-02 -2.246279641985893250e-02 -1.682702451944351196e-02 6.698513793945312500e+01
7.803984284400939941e-01 2.509752288460731506e-02 -2.330414764583110809e-02 -1.630862988531589508e-02 6.798491668701171875e+01
7.583509087562561035e-01 2.452887408435344696e-02 -2.411957830190658569e-02 -1.577225886285305023e-02 6.898467254638671875e+01
7.354597449302673340e-01 2.393389865756034851e-02 -2.490819059312343597e-02 -1.521808467805385590e-02 6.998441314697265625e+01
7.117504477500915527e-01 2.331170067191123962e-02 -2.566909417510032654e-02 -1.464750990271568298e-02 7.098413085937500000e+01
6.872493624687194824e-01 2.266409993171691895e-02 -2.640146948397159576e-02 -1.406073383986949921e-02 7.198383331298828125e+01
6.619837880134582520e-01 2.199078910052776337e-02 -2.710450626909732819e-02 -1.345906406641006470e-02 7.298351287841796875e+01
6.359817385673522949e-01 2.129466459155082703e-02 -2.777745947241783142e-02 -1.284206937998533249e-02 7.398317718505859375e+01
6.092721819877624512e-01 2.057576179504394531e-02 -2.841956354677677155e-02 -1.221044827252626419e-02 7.498281860351562500e+01
5.818848013877868652e-01 1.983307674527168274e-02 -2.903008647263050079e-02 -1.156586408615112305e-02 7.598244476318359375e+01
5.538500547409057617e-01 1.906875707209110260e-02 -2.960838004946708679e-02 -1.090858411043882370e-02 7.698205566406250000e+01
5.251989960670471191e-01 1.828359253704547882e-02 -3.015380911529064178e-02 -1.023937109857797623e-02 7.798164367675781250e+01
4.959635138511657715e-01 1.747935637831687927e-02 -3.066577762365341187e-02 -9.558352641761302948e-03 7.898121643066406250e+01
4.661760926246643066e-01 1.665497943758964539e-02 -3.114369511604309082e-02 -8.867247030138969421e-03 7.998077392578125000e+01
4.358697831630706787e-01 1.581302657723426819e-02 -3.158705681562423706e-02 -8.166070096194744110e-03 8.098031616210937500e+01
4.050782322883605957e-01 1.495290268212556839e-02 -3.199535980820655823e-02 -7.456407882273197174e-03 8.197984313964843750e+01
3.738355934619903564e-01 1.407758798450231552e-02 -3.236817941069602966e-02 -6.738022901117801666e-03 8.297935485839843750e+01
3.421765863895416260e-01 1.318550948053598404e-02 -3.270507976412773132e-02 -6.013032980263233185e-03 8.397885131835937500e+01
3.101362586021423340e-01 1.228077337145805359e-02 -3.300573304295539856e-02 -5.280677694827318192e-03 8.497834014892578125e+01
2.777502238750457764e-01 1.136157009750604630e-02 -3.326976671814918518e-02 -4.543045535683631897e-03 8.597781372070312500e+01
2.450543642044067383e-01 1.043048873543739319e-02 -3.349692001938819885e-02 -3.800301346927881241e-03 8.697727966308593750e+01
2.120849341154098511e-01 9.488322772085666656e-03 -3.368693590164184570e-02 -3.053258871659636497e-03 8.797673797607421875e+01
1.788785159587860107e-01 8.535669185221195221e-03 -3.383959829807281494e-02 -2.302940469235181808e-03 8.897618865966796875e+01
1.454719156026840210e-01 7.573421578854322433e-03 -3.395474702119827271e-02 -1.550348708406090736e-03 8.997563171386718750e+01
1.119021475315093994e-01 6.602806039154529572e-03 -3.403226286172866821e-02 -7.963595562614500523e-04 9.097506713867187500e+01
7.820640504360198975e-02 5.627410952001810074e-03 -3.407208248972892761e-02 -4.015746526420116425e-05 9.197450256347656250e+01
4.442212358117103577e-02 4.643416032195091248e-03 -3.407409042119979858e-02 7.150563760660588741e-04 9.297393035888671875e+01
1.058666035532951355e-02 3.655380103737115860e-03 -3.403833881020545959e-02 1.469914801418781281e-03 9.397335815429687500e+01
-2.326244115829467773e-02 2.663024934008717537e-03 -3.396484255790710449e-02 2.223040442913770676e-03 9.497278594970703125e+01
-5.708768218755722046e-02 1.667555305175483227e-03 -3.385369107127189636e-02 2.973563969135284424e-03 9.597221374511718750e+01
-9.085157513618469238e-02 6.705969572067260742e-04 -3.370501101016998291e-02 3.720934269949793816e-03 9.697164154052734375e+01
-1.245166957378387451e-01 -3.264800179749727249e-04 -3.351896256208419800e-02 4.464657977223396301e-03 9.797107696533203125e+01
-1.580456942319869995e-01 -1.325368997640907764e-03 -3.329572826623916626e-02 5.202268250286579132e-03 9.897051239013671875e+01
-1.914015114307403564e-01 -2.319562248885631561e-03 -3.303561359643936157e-02 5.935814697295427322e-03 9.996995544433593750e+01
-2.245470285415649414e-01 -3.315527224913239479e-03 -3.273882344365119934e-02 6.660575047135353088e-03 1.009694061279296875e+02
-2.574456930160522461e-01 -4.302789457142353058e-03 -3.240579366683959961e-02 7.380503229796886444e-03 1.019688644409179688e+02
-2.900608479976654053e-01 -5.287896841764450073e-03 -3.203677013516426086e-02 8.091609925031661987e-03 1.029683303833007812e+02
-3.223564028739929199e-01 -6.268029566854238510e-03 -3.163218870759010315e-02 8.793456479907035828e-03 1.039678115844726562e+02
-3.542965650558471680e-01 -7.240703795105218887e-03 -3.119251504540443420e-02 9.485954418778419495e-03 1.049673004150390625e+02
-3.858458697795867920e-01 -8.206069469451904297e-03 -3.071821667253971100e-02 1.016777195036411285e-02 1.059668045043945312e+02
-4.169693589210510254e-01 -9.162301197648048401e-03 -3.020982816815376282e-02 1.083848346024751663e-02 1.069663238525390625e+02
-4.476324915885925293e-01 -1.010898128151893616e-02 -2.966790460050106049e-02 1.149699743837118149e-02 1.079658508300781250e+02
-4.778012633323669434e-01 -1.104305963963270187e-02 -2.909305505454540253e-02 1.214381866157054901e-02 1.089653930664062500e+02
-5.074421167373657227e-01 -1.196725759655237198e-02 -2.848586440086364746e-02 1.277634408324956894e-02 1.099649505615234375e+02
-5.365222692489624023e-01 -1.287632808089256287e-02 -2.784704789519309998e-02 1.339599583297967911e-02 1.109645309448242188e+02
-5.650092959403991699e-01 -1.377470232546329498e-02 -2.717724815011024475e-02 1.399921812117099762e-02 1.119641265869140625e+02
-5.928716659545898438e-01 -1.465576607733964920e-02 -2.647728659212589264e-02 1.458788197487592697e-02 1.129637374877929688e+02
-6.200783848762512207e-01 -1.552130188792943954e-02 -2.574789337813854218e-02 1.516029238700866699e-02 1.139633712768554688e+02
-6.465992331504821777e-01 -1.636987738311290741e-02 -2.498987875878810883e-02 1.571597345173358917e-02 1.149630203247070312e+02
-6.724047660827636719e-01 -1.720013096928596497e-02 -2.420408092439174652e-02 1.625461317598819733e-02 1.159626846313476562e+02
-6.974662542343139648e-01 -1.801207661628723145e-02 -2.339135110378265381e-02 1.677517034113407135e-02 1.169623718261718750e+02
-7.217558026313781738e-01 -1.880454830825328827e-02 -2.255259267985820770e-02 1.727707497775554657e-02 1.179620742797851562e+02
-7.452464699745178223e-01 -1.957616209983825684e-02 -2.168873883783817291e-02 1.776001416146755219e-02 1.189617996215820312e+02
-7.679120898246765137e-01 -2.032638154923915863e-02 -2.080073766410350800e-02 1.822332665324211121e-02 1.199615402221679688e+02
-7.897274494171142578e-01 -2.105446346104145050e-02 -1.988957077264785767e-02 1.866640895605087280e-02 1.209613037109375000e+02
-8.106682300567626953e-01 -2.175991050899028778e-02 -1.895624957978725433e-02 1.908846572041511536e-02 1.219610824584960938e+02
-8.307111263275146484e-01 -2.244072221219539642e-02 -1.800182648003101349e-02 1.948961429297924042e-02 1.229608840942382812e+02
-8.498338460922241211e-01 -2.309735305607318878e-02 -1.702734641730785370e-02 1.986879296600818634e-02 1.239607009887695312e+02
-8.680150508880615234e-01 -2.372859790921211243e-02 -1.603390648961067200e-02 2.022562734782695770e-02 1.249605331420898438e+02
-8.852345347404479980e-01 -2.433165535330772400e-02 -1.502262521535158157e-02 2.056105248630046844e-02 1.259603881835937500e+02
-9.014730453491210938e-01 -2.490981854498386383e-02 -1.399457268416881561e-02 2.087273448705673218e-02 1.269602584838867188e+02
-9.167125225067138672e-01 -2.546104043722152710e-02 -1.295093633234500885e-02 2.116046100854873657e-02 1.279601440429687500e+02
-9.309360384941101074e-01 -2.598046138882637024e-02 -1.189291290938854218e-02 2.142645791172981262e-02 1.289600372314453125e+02
-9.441276192665100098e-01 -2.647247351706027985e-02 -1.082159020006656647e-02 2.166842855513095856e-02 1.299599456787109375e+02
-9.562725424766540527e-01 -2.693639323115348816e-02 -9.738168679177761078e-03 2.188573777675628662e-02 1.309598693847656250e+02
-9.673573374748229980e-01 -2.737005054950714111e-02 -8.643881417810916901e-03 2.207875438034534454e-02 1.319598083496093750e+02
-9.773695468902587891e-01 -2.777403220534324646e-02 -7.539943791925907135e-03 2.224658429622650146e-02 1.329597625732421875e+02
-9.862980842590332031e-01 -2.814645506441593170e-02 -6.427614483982324600e-03 2.238961309194564819e-02 1.339597167968750000e+02
-9.941329360008239746e-01 -2.848728001117706299e-02 -5.308133549988269806e-03 2.250754088163375854e-02 1.349596862792968750e+02
-1.000865340232849121e+00 -2.879496663808822632e-02 -4.182756412774324417e-03 2.260103449225425720e-02 1.359596710205078125e+02
-1.006487846374511719e+00 -2.907164767384529114e-02 -3.052704501897096634e-03 2.266879007220268250e-02 1.369596557617187500e+02
-1.010994076728820801e+00 -2.931362017989158630e-02 -1.919265021570026875e-03 2.271262183785438538e-02 1.379596405029296875e+02
-1.014379024505615234e+00 -2.952676266431808472e-02 -7.836339063942432404e-04 2.272916026413440704e-02 1.389596405029296875e+02
-1.016638994216918945e+00 -2.970363758504390717e-02 3.528241068124771118e-04 2.272175252437591553e-02 1.399596405029296875e+02
-1.017771363258361816e+00 -2.984830737113952637e-02 1.488911802880465984e-03 2.268870361149311066e-02 1.409596405029296875e+02
-1.017774820327758789e+00 -2.996000088751316071e-02 2.623347099870443344e-03 2.263009361922740936e-02 1.419596405029296875e+02
-1.016649484634399414e+00 -3.003759309649467468e-02 3.754851873964071274e-03 2.254648506641387939e-02 1.429596405029296875e+02
-1.014396548271179199e+00 -3.008262068033218384e-02 4.882176406681537628e-03 2.243703603744506836e-02 1.439596405029296875e+02
-1.011018514633178711e+00 -3.009271621704101562e-02 6.004028022289276123e-03 2.230298146605491638e-02 1.449596405029296875e+02
-1.006519079208374023e+00 -3.006859123706817627e-02 7.119176909327507019e-03 2.214442007243633270e-02 1.459596252441406250e+02
-1.000903367996215820e+00 -3.001306019723415375e-02 8.226398378610610962e-03 2.195980958640575409e-02 1.469596099853515625e+02
-9.941776394844055176e-01 -2.992131561040878296e-02 9.324388578534126282e-03 2.175174094736576080e-02 1.479595947265625000e+02
-9.863494038581848145e-01 -2.979493327438831329e-02 1.041197590529918671e-02 2.152043208479881287e-02 1.489595642089843750e+02
-9.774273037910461426e-01 -2.963823825120925903e-02 1.148799713701009750e-02 2.126382291316986084e-02 1.499595184326171875e+02
-9.674213528633117676e-01 -2.944752015173435211e-02 1.255118846893310547e-02 2.098371274769306183e-02 1.509594726562500000e+02
-9.563427567481994629e-01 -2.922355197370052338e-02 1.360037364065647125e-02 2.068031206727027893e-02 1.519594116210937500e+02
-9.442038536071777344e-01 -2.896674908697605133e-02 1.463438943028450012e-02 2.035395614802837372e-02 1.529593353271484375e+02
-9.310181736946105957e-01 -2.867678366601467133e-02 1.565208658576011658e-02 2.000552043318748474e-02 1.539592437744140625e+02
-9.168003797531127930e-01 -2.835597284138202667e-02 1.665236242115497589e-02 1.963439956307411194e-02 1.549591369628906250e+02
-9.015663862228393555e-01 -2.800428122282028198e-02 1.763408258557319641e-02 1.924084685742855072e-02 1.559590148925781250e+02
-8.853332400321960449e-01 -2.761901356279850006e-02 1.859612576663494110e-02 1.882709749042987823e-02 1.569588775634765625e+02
-8.681188821792602539e-01 -2.720470912754535675e-02 1.953748054802417755e-02 1.839173957705497742e-02 1.579587249755859375e+02
-8.499426245689392090e-01 -2.675873786211013794e-02 2.045706659555435181e-02 1.793677359819412231e-02 1.589585571289062500e+02
-8.308246135711669922e-01 -2.628481760621070862e-02 2.135390602052211761e-02 1.746109127998352051e-02 1.599583740234375000e+02
-8.107862472534179688e-01 -2.578005567193031311e-02 2.222696132957935333e-02 1.696690917015075684e-02 1.609581756591796875e+02
-7.898498177528381348e-01 -2.524664252996444702e-02 2.307530678808689117e-02 1.645436510443687439e-02 1.619579620361328125e+02
-7.680385708808898926e-01 -2.468760870397090912e-02 2.389802411198616028e-02 1.592249795794487000e-02 1.629577178955078125e+02
-7.453768253326416016e-01 -2.410003729164600372e-02 2.469414845108985901e-02 1.537342462688684464e-02 1.639574584960937500e+02
-7.218897938728332520e-01 -2.348609454929828644e-02 2.546281926333904266e-02 1.480716466903686523e-02 1.649571838378906250e+02
-6.976036429405212402e-01 -2.284645289182662964e-02 2.620317786931991577e-02 1.422423869371414185e-02 1.659568939208984375e+02
-6.725453734397888184e-01 -2.218136563897132874e-02 2.691438980400562286e-02 1.362546999007463455e-02 1.669565734863281250e+02
-6.467428803443908691e-01 -2.149048820137977600e-02 2.759566344320774078e-02 1.301232818514108658e-02 1.679562377929687500e+02
-6.202248334884643555e-01 -2.077610604465007782e-02 2.824627980589866638e-02 1.238501723855733871e-02 1.689558868408203125e+02
-5.930206775665283203e-01 -2.003922127187252045e-02 2.886553108692169189e-02 1.174412667751312256e-02 1.699555206298828125e+02
-5.651606917381286621e-01 -1.928077824413776398e-02 2.945273742079734802e-02 1.109023112803697586e-02 1.709551391601562500e+02
-5.366758108139038086e-01 -1.850141026079654694e-02 3.000724874436855316e-02 1.042407937347888947e-02 1.719547271728515625e+02
-5.075977444648742676e-01 -1.770244911313056946e-02 3.052845224738121033e-02 9.746019728481769562e-03 1.729542999267578125e+02
-4.779587388038635254e-01 -1.688395999372005463e-02 3.101575374603271484e-02 9.057066403329372406e-03 1.739538574218750000e+02
-4.477917551994323730e-01 -1.604437269270420074e-02 3.146860748529434204e-02 8.359724655747413635e-03 1.749533996582031250e+02
-4.171301722526550293e-01 -1.518969889730215073e-02 3.188659250736236572e-02 7.652405183762311935e-03 1.759529266357421875e+02
-3.860080838203430176e-01 -1.431915443390607834e-02 3.226921334862709045e-02 6.936214864253997803e-03 1.769524383544921875e+02
-3.544600605964660645e-01 -1.343199703842401505e-02 3.261602297425270081e-02 6.212812848389148712e-03 1.779519348144531250e+02
-3.225210607051849365e-01 -1.253054197877645493e-02 3.292666375637054443e-02 5.482455715537071228e-03 1.789514312744140625e+02
-2.902265191078186035e-01 -1.161517575383186340e-02 3.320078551769256592e-02 4.746249411255121231e-03 1.799509124755859375e+02
-2.576122581958770752e-01 -1.068673282861709595e-02 3.343809768557548523e-02 4.005257971584796906e-03 1.809503784179687500e+02
-2.247144281864166260e-01 -9.748161770403385162e-03 3.363836184144020081e-02 3.259196877479553223e-03 1.819498443603515625e+02
-1.915695369243621826e-01 -8.797226473689079285e-03 3.380132094025611877e-02 2.510577673092484474e-03 1.829492950439453125e+02
-1.582142710685729980e-01 -7.839749567210674286e-03 3.392684832215309143e-02 1.757656340487301350e-03 1.839487457275390625e+02
-1.246856898069381714e-01 -6.870781071484088898e-03 3.401473164558410645e-02 1.004185061901807785e-03 1.849481811523437500e+02
-9.102085232734680176e-02 -5.895964801311492920e-03 3.406494110822677612e-02 2.489985781721770763e-04 1.859476165771484375e+02
-5.725711956620216370e-02 -4.916540347039699554e-03 3.407739102840423584e-02 -5.078269750811159611e-04 1.869470520019531250e+02
-2.343200892210006714e-02 -3.926635254174470901e-03 3.405199944972991943e-02 -1.261490979231894016e-03 1.879464721679687500e+02
1.041719689965248108e-02 -2.939295023679733276e-03 3.398892655968666077e-02 -2.017392776906490326e-03 1.889458923339843750e+02
4.425269737839698792e-02 -1.942995935678482056e-03 3.388805687427520752e-02 -2.768818754702806473e-03 1.899453125000000000e+02
7.803717255592346191e-02 -9.462070884183049202e-04 3.374961763620376587e-02 -3.517889417707920074e-03 1.909447479248046875e+02
1.117330938577651978e-01 5.494628567248582840e-05 3.357372432947158813e-02 -4.260937217622995377e-03 1.919441833496093750e+02
1.453032493591308594e-01 1.053354237228631973e-03 3.336067870259284973e-02 -4.999797325581312180e-03 1.929436187744140625e+02
1.787103861570358276e-01 2.047355286777019501e-03 3.311068937182426453e-02 -5.734937265515327454e-03 1.939430541992187500e+02
2.119173407554626465e-01 3.042091149836778641e-03 3.282394260168075562e-02 -6.462614517658948898e-03 1.949425048828125000e+02
2.448874115943908691e-01 4.033254459500312805e-03 3.250081092119216919e-02 -7.183147128671407700e-03 1.959419555664062500e+02
2.775840461254119873e-01 5.018814932554960251e-03 3.214165195822715759e-02 -7.896478287875652313e-03 1.969414215087890625e+02
3.099709749221801758e-01 5.999450106173753738e-03 3.174682706594467163e-02 -8.601151406764984131e-03 1.979409027099609375e+02
3.420122861862182617e-01 6.975390482693910599e-03 3.131676837801933289e-02 -9.295349940657615662e-03 1.989403839111328125e+02
3.736725449562072754e-01 7.940224371850490570e-03 3.085200116038322449e-02 -9.981277398765087128e-03 1.999398803710937500e+02
4.049164652824401855e-01 8.898305706679821014e-03 3.035293705761432648e-02 -1.065594796091318130e-02 2.009393920898437500e+02
4.357094466686248779e-01 9.848839603364467621e-03 2.982014045119285583e-02 -1.131786778569221497e-02 2.019389190673828125e+02
4.660173952579498291e-01 1.078765559941530228e-02 2.925424650311470032e-02 -1.196762267500162125e-02 2.029384613037109375e+02
4.958066344261169434e-01 1.171486824750900269e-02 2.865586616098880768e-02 -1.260405685752630234e-02 2.039380187988281250e+02
5.250440835952758789e-01 1.263020187616348267e-02 2.802566252648830414e-02 -1.322586555033922195e-02 2.049375915527343750e+02
5.536973476409912109e-01 1.352942548692226410e-02 2.736436948180198669e-02 -1.383416727185249329e-02 2.059371795654296875e+02
5.817345380783081055e-01 1.441425457596778870e-02 2.667266130447387695e-02 -1.442735735327005386e-02 2.069367828369140625e+02
6.091244816780090332e-01 1.528243627399206161e-02 2.595129422843456268e-02 -1.500564254820346832e-02 2.079364013671875000e+02
6.358367204666137695e-01 1.613828167319297791e-02 2.520101144909858704e-02 -1.556524354964494705e-02 2.089360504150390625e+02
6.618417501449584961e-01 1.697308570146560669e-02 2.442274987697601318e-02 -1.610916480422019958e-02 2.099357147216796875e+02
6.871104836463928223e-01 1.779179088771343231e-02 2.361729182302951813e-02 -1.663405820727348328e-02 2.109353942871093750e+02
7.116149067878723145e-01 1.858955062925815582e-02 2.278558909893035889e-02 -1.714105345308780670e-02 2.119350891113281250e+02
7.353277802467346191e-01 1.936621218919754028e-02 2.192853577435016632e-02 -1.762961409986019135e-02 2.129348144531250000e+02
7.582226395606994629e-01 2.012364566326141357e-02 2.104705572128295898e-02 -1.809762232005596161e-02 2.139345550537109375e+02
7.802740931510925293e-01 2.085713297128677368e-02 2.014217525720596313e-02 -1.854640431702136993e-02 2.149343109130859375e+02
8.014575242996215820e-01 2.156918868422508240e-02 1.921485550701618195e-02 -1.897384598851203918e-02 2.159340820312500000e+02
8.217494487762451172e-01 2.225624024868011475e-02 1.826616376638412476e-02 -1.938076317310333252e-02 2.169338836669921875e+02
8.411272168159484863e-01 2.291817590594291687e-02 1.729712635278701782e-02 -1.976671814918518066e-02 2.179337005615234375e+02
8.595691919326782227e-01 2.355707436800003052e-02 1.630879007279872894e-02 -2.012960985302925110e-02 2.189335327148437500e+02
8.770549297332763672e-01 2.416795119643211365e-02 1.530230976641178131e-02 -2.047105692327022552e-02 2.199333801269531250e+02
8.935648798942565918e-01 2.475312724709510803e-02 1.427875645458698273e-02 -2.078936621546745300e-02 2.209332427978515625e+02
9.090806841850280762e-01 2.531039714813232422e-02 1.323928777128458023e-02 -2.108484879136085510e-02 2.219331207275390625e+02
9.235849976539611816e-01 2.584109455347061157e-02 1.218504551798105240e-02 -2.135598845779895782e-02 2.229330139160156250e+02
9.370617270469665527e-01 2.634056843817234039e-02 1.111724600195884705e-02 -2.160463854670524597e-02 2.239329223632812500e+02
9.494956731796264648e-01 2.681343816220760345e-02 1.003701426088809967e-02 -2.182792685925960541e-02 2.249328460693359375e+02
9.608731269836425781e-01 2.725454792380332947e-02 8.945617824792861938e-03 -2.202770672738552094e-02 2.259327850341796875e+02
9.711812734603881836e-01 2.766566164791584015e-02 7.844232022762298584e-03 -2.220291271805763245e-02 2.269327392578125000e+02
9.804086685180664062e-01 2.804668992757797241e-02 6.734086200594902039e-03 -2.235295809805393219e-02 2.279326934814453125e+02
9.885450005531311035e-01 2.839631587266921997e-02 5.616438109427690506e-03 -2.247794158756732941e-02 2.289326629638671875e+02
9.955812096595764160e-01 2.871368825435638428e-02 4.492540843784809113e-03 -2.257800474762916565e-02 2.299326324462890625e+02
1.001509428024291992e+00 2.899821102619171143e-02 3.363640513271093369e-03 -2.265337668359279633e-02 2.309326171875000000e+02
1.006322979927062988e+00 2.925133146345615387e-02 2.230971585959196091e-03 -2.270307391881942749e-02 2.319326019287109375e+02
1.010016560554504395e+00 2.947243303060531616e-02 1.095817890018224716e-03 -2.272685430943965912e-02 2.329326019287109375e+02
1.012585997581481934e+00 2.965818159282207489e-02 -4.052487201988697052e-05 -2.272646687924861908e-02 2.339326019287109375e+02
1.014028429985046387e+00 2.981198392808437347e-02 -1.176848192699253559e-03 -2.270036935806274414e-02 2.349326019287109375e+02
1.014342188835144043e+00 2.993306517601013184e-02 -2.311866730451583862e-03 -2.264855243265628815e-02 2.359326019287109375e+02
1.013526916503906250e+00 3.001996502280235291e-02 -3.444294445216655731e-03 -2.257169224321842194e-02 2.369326019287109375e+02
1.011583566665649414e+00 3.007368743419647217e-02 -4.572879057377576828e-03 -2.246932871639728546e-02 2.379326019287109375e+02
1.008514404296875000e+00 3.009334579110145569e-02 -5.696345586329698563e-03 -2.234192937612533569e-02 2.389326019287109375e+02
1.004322767257690430e+00 3.007882647216320038e-02 -6.813442334532737732e-03 -2.218980155885219574e-02 2.399325866699218750e+02
9.990133047103881836e-01 3.003075718879699707e-02 -7.922932505607604980e-03 -2.201285958290100098e-02 2.409325714111328125e+02
9.925919175148010254e-01 2.994848415255546570e-02 -9.023575112223625183e-03 -2.181174047291278839e-02 2.419325561523437500e+02
9.850658178329467773e-01 2.983279526233673096e-02 -1.011416222900152206e-02 -2.158644422888755798e-02 2.429325256347656250e+02
9.764434099197387695e-01 2.968423441052436829e-02 -1.119348406791687012e-02 -2.133695594966411591e-02 2.439324951171875000e+02
9.667342901229858398e-01 2.950290776789188385e-02 -1.226033177226781845e-02 -2.106341160833835602e-02 2.449324493408203125e+02
9.559493064880371094e-01 2.928870171308517456e-02 -1.331350207328796387e-02 -2.076612971723079681e-02 2.459323883056640625e+02
9.441004991531372070e-01 2.904038317501544952e-02 -1.435180846601724625e-02 -2.044636942446231842e-02 2.469323120117187500e+02
9.312010407447814941e-01 2.876099012792110443e-02 -1.537412684410810471e-02 -2.010311186313629150e-02 2.479322357177734375e+02
9.172654151916503906e-01 2.844693697988986969e-02 -1.637928187847137451e-02 -1.973889954388141632e-02 2.489321441650390625e+02
9.023090004920959473e-01 2.810216508805751801e-02 -1.736622676253318787e-02 -1.935275271534919739e-02 2.499320373535156250e+02
8.863485455513000488e-01 2.772928401827812195e-02 -1.833386346697807312e-02 -1.894328556954860687e-02 2.509319152832031250e+02
8.694019317626953125e-01 2.732150815427303314e-02 -1.928102783858776093e-02 -1.851460151374340057e-02 2.519317779541015625e+02
8.514879345893859863e-01 2.688655443489551544e-02 -2.020675875246524811e-02 -1.806372962892055511e-02 2.529316253662109375e+02
8.326265811920166016e-01 2.641695365309715271e-02 -2.110994607210159302e-02 -1.759541220963001251e-02 2.539314422607421875e+02
8.128387331962585449e-01 2.592401206493377686e-02 -2.198971621692180634e-02 -1.710468716919422150e-02 2.549312438964843750e+02
7.921466827392578125e-01 2.540034614503383636e-02 -2.284494973719120026e-02 -1.659517921507358551e-02 2.559310302734375000e+02
7.705733776092529297e-01 2.484512142837047577e-02 -2.367470785975456238e-02 -1.606903970241546631e-02 2.569307861328125000e+02
7.481427788734436035e-01 2.426557615399360657e-02 -2.447815984487533569e-02 -1.552368327975273132e-02 2.579305419921875000e+02
7.248799800872802734e-01 2.365591377019882202e-02 -2.525434456765651703e-02 -1.496296655386686325e-02 2.589302673339843750e+02
7.008107304573059082e-01 2.302169799804687500e-02 -2.600249275565147400e-02 -1.438555214554071426e-02 2.599299926757812500e+02
6.759618520736694336e-01 2.236270904541015625e-02 -2.672176994383335114e-02 -1.379228942096233368e-02 2.609296875000000000e+02
6.503610014915466309e-01 2.167898975312709808e-02 -2.741138450801372528e-02 -1.318419352173805237e-02 2.619293518066406250e+02
6.240366101264953613e-01 2.097526006400585175e-02 -2.807059511542320251e-02 -1.255931612104177475e-02 2.629290161132812500e+02
5.970180630683898926e-01 2.024296671152114868e-02 -2.869856171309947968e-02 -1.192319393157958984e-02 2.639286499023437500e+02
5.693351626396179199e-01 1.949413679540157318e-02 -2.929472178220748901e-02 -1.127094775438308716e-02 2.649282531738281250e+02
5.410189032554626465e-01 1.872021704912185669e-02 -2.985826879739761353e-02 -1.060744095593690872e-02 2.659278564453125000e+02
5.121006369590759277e-01 1.792351901531219482e-02 -3.038864023983478546e-02 -9.933751076459884644e-03 2.669274291992187500e+02
4.826124310493469238e-01 1.711310073733329773e-02 -3.088532760739326477e-02 -9.245960973203182220e-03 2.679270019531250000e+02
4.525872468948364258e-01 1.627580076456069946e-02 -3.134762495756149292e-02 -8.552154526114463806e-03 2.689265441894531250e+02
4.220581352710723877e-01 1.542671676725149155e-02 -3.177523240447044373e-02 -7.846641354262828827e-03 2.699260864257812500e+02
3.910591900348663330e-01 1.455754414200782776e-02 -3.216756507754325867e-02 -7.134390063583850861e-03 2.709255981445312500e+02
3.596246838569641113e-01 1.367821637541055679e-02 -3.252428397536277771e-02 -6.411343812942504883e-03 2.719251098632812500e+02
3.277896940708160400e-01 1.277642976492643356e-02 -3.284485265612602234e-02 -5.685183219611644745e-03 2.729245910644531250e+02
2.955892086029052734e-01 1.186948176473379135e-02 -3.312911093235015869e-02 -4.948502872139215469e-03 2.739240722656250000e+02
2.630593180656433105e-01 1.094167400151491165e-02 -3.337653726339340210e-02 -4.210175015032291412e-03 2.749235534667968750e+02
2.302357554435729980e-01 1.000722125172615051e-02 -3.358704596757888794e-02 -3.465054556727409363e-03 2.759230041503906250e+02
1.971551030874252319e-01 9.059329517185688019e-03 -3.376029804348945618e-02 -2.717377152293920517e-03 2.769224548339843750e+02
1.638539284467697144e-01 8.105385117232799530e-03 -3.389616683125495911e-02 -1.964573981240391731e-03 2.779219055175781250e+02
1.303692907094955444e-01 7.140154484659433365e-03 -3.399439528584480286e-02 -1.210190821439027786e-03 2.789213562011718750e+02
9.673824161291122437e-02 6.163045298308134079e-03 -3.405490517616271973e-02 -4.570637247525155544e-04 2.799207763671875000e+02
6.299789249897003174e-02 5.187420174479484558e-03 -3.407775983214378357e-02 3.007098566740751266e-04 2.809201965332031250e+02
2.918594703078269958e-02 4.201848059892654419e-03 -3.406272456049919128e-02 1.057015382684767246e-03 2.819196166992187500e+02
-4.660222679376602173e-03 3.210869152098894119e-03 -3.400987386703491211e-02 1.811959780752658844e-03 2.829190368652343750e+02
-3.850309178233146667e-02 2.212345600128173828e-03 -3.391927480697631836e-02 2.562153851613402367e-03 2.839184570312500000e+02
-7.230530679225921631e-02 1.217264332808554173e-03 -3.379116579890251160e-02 3.311770269647240639e-03 2.849178771972656250e+02
-1.060292124748229980e-01 2.201208844780921936e-04 -3.362557664513587952e-02 4.057620652019977570e-03 2.859172973632812500e+02
-1.396374553442001343e-01 -7.775797275826334953e-04 -3.342269733548164368e-02 4.798949696123600006e-03 2.869167175292968750e+02
-1.730927824974060059e-01 -1.777001423761248589e-03 -3.318275138735771179e-02 5.533253774046897888e-03 2.879161682128906250e+02
-2.063582539558410645e-01 -2.771479077637195587e-03 -3.290608897805213928e-02 6.262405775487422943e-03 2.889156188964843750e+02
-2.393968999385833740e-01 -3.762413281947374344e-03 -3.259296715259552002e-02 6.984958890825510025e-03 2.899150695800781250e+02
-2.721721231937408447e-01 -4.750488791614770889e-03 -3.224371746182441711e-02 7.699115201830863953e-03 2.909145202636718750e+02
-3.046476542949676514e-01 -5.728515330702066422e-03 -3.185876086354255676e-02 8.407852612435817719e-03 2.919140014648437500e+02
-3.367873132228851318e-01 -6.706257350742816925e-03 -3.143836930394172668e-02 9.105062112212181091e-03 2.929134826660156250e+02
-3.685556650161743164e-01 -7.675645872950553894e-03 -3.098311647772789001e-02 9.792605414986610413e-03 2.939129638671875000e+02
-3.999174237251281738e-01 -8.633843623101711273e-03 -3.049348667263984680e-02 1.047138683497905731e-02 2.949124755859375000e+02
-4.308376908302307129e-01 -9.587798267602920532e-03 -2.996991761028766632e-02 1.113644987344741821e-02 2.959119873046875000e+02
-4.612822830677032471e-01 -1.052785292267799377e-02 -2.941309474408626556e-02 1.179106347262859344e-02 2.969115295410156250e+02
-4.912173151969909668e-01 -1.146133337169885635e-02 -2.882354147732257843e-02 1.243013422936201096e-02 2.979110717773437500e+02
-5.206096768379211426e-01 -1.237672008574008942e-02 -2.820203453302383423e-02 1.305823121219873428e-02 2.989106445312500000e+02
-5.494265556335449219e-01 -1.328452955931425095e-02 -2.754912339150905609e-02 1.366891711950302124e-02 2.999102172851562500e+02
-5.776361823081970215e-01 -1.417179219424724579e-02 -2.686567790806293488e-02 1.426741108298301697e-02 3.009098205566406250e+02
-6.052069664001464844e-01 -1.504857465624809265e-02 -2.615230716764926910e-02 1.484781131148338318e-02 3.019094543457031250e+02
-6.321084499359130859e-01 -1.590742915868759155e-02 -2.540991641581058502e-02 1.541195809841156006e-02 3.029090881347656250e+02
-6.583107709884643555e-01 -1.674700900912284851e-02 -2.463931776583194733e-02 1.595993712544441223e-02 3.039087524414062500e+02
-6.837847232818603516e-01 -1.756784319877624512e-02 -2.384132146835327148e-02 1.649089343845844269e-02 3.049084167480468750e+02
-7.085019350051879883e-01 -1.836992427706718445e-02 -2.301677688956260681e-02 1.700391992926597595e-02 3.059081115722656250e+02
-7.324349284172058105e-01 -1.915425062179565430e-02 -2.216657996177673340e-02 1.749707572162151337e-02 3.069078369140625000e+02
-7.555571794509887695e-01 -1.991767436265945435e-02 -2.129172533750534058e-02 1.797043532133102417e-02 3.079075622558593750e+02
-7.778429388999938965e-01 -2.065786719322204590e-02 -2.039320394396781921e-02 1.842433027923107147e-02 3.089073181152343750e+02
-7.992674112319946289e-01 -2.137430012226104736e-02 -1.947198808193206787e-02 1.885853521525859833e-02 3.099070739746093750e+02
-8.198066949844360352e-01 -2.206835523247718811e-02 -1.852906122803688049e-02 1.927153021097183228e-02 3.109068603515625000e+02
-8.394379019737243652e-01 -2.273769676685333252e-02 -1.756548509001731873e-02 1.966353878378868103e-02 3.119066772460937500e+02
-8.581392168998718262e-01 -2.338367700576782227e-02 -1.658230833709239960e-02 2.003285661339759827e-02 3.129064941406250000e+02
-8.758897781372070312e-01 -2.400283701717853546e-02 -1.558066532015800476e-02 2.038023620843887329e-02 3.139063415527343750e+02
-8.926697969436645508e-01 -2.459597773849964142e-02 -1.456165313720703125e-02 2.070458047091960907e-02 3.149061889648437500e+02
-9.084606170654296875e-01 -2.516150102019309998e-02 -1.352642383426427841e-02 2.100589126348495483e-02 3.159060668945312500e+02
-9.232445955276489258e-01 -2.569837868213653564e-02 -1.247612945735454559e-02 2.128417976200580597e-02 3.169059448242187500e+02
-9.370052218437194824e-01 -2.620783448219299316e-02 -1.141192018985748291e-02 2.153813280165195465e-02 3.179058532714843750e+02
-9.497271776199340820e-01 -2.668673358857631683e-02 -1.033501327037811279e-02 2.176874503493309021e-02 3.189057617187500000e+02
-9.613962769508361816e-01 -2.713696099817752838e-02 -9.246575646102428436e-03 2.197461575269699097e-02 3.199057006835937500e+02
-9.719995260238647461e-01 -2.755647711455821991e-02 -8.147845044732093811e-03 2.215613983571529388e-02 3.209056396484375000e+02
-9.815250635147094727e-01 -2.794435620307922363e-02 -7.040037773549556732e-03 2.231358736753463745e-02 3.219056091308593750e+02
-9.899622201919555664e-01 -2.830156311392784119e-02 -5.924358498305082321e-03 2.244622074067592621e-02 3.229055786132812500e+02
-9.973015785217285156e-01 -2.862928621470928192e-02 -4.802047275006771088e-03 2.255263738334178925e-02 3.239055480957031250e+02
-1.003535032272338867e+00 -2.892223745584487915e-02 -3.674415405839681625e-03 2.263521961867809296e-02 3.249055175781250000e+02
-1.008655548095703125e+00 -2.918435819447040558e-02 -2.542654518038034439e-03 2.269201725721359253e-02 3.259055175781250000e+02
-1.012657403945922852e+00 -2.941432781517505646e-02 -1.408053678460419178e-03 2.272309549152851105e-02 3.269055175781250000e+02
-1.015536189079284668e+00 -2.961008064448833466e-02 -2.718989271670579910e-04 2.272940985858440399e-02 3.279055175781250000e+02
-1.017288565635681152e+00 -2.977345511317253113e-02 8.645715424790978432e-04 2.271002717316150665e-02 3.289055175781250000e+02
-1.017912626266479492e+00 -2.990256249904632568e-02 2.000072970986366272e-03 2.266584523022174835e-02 3.299055175781250000e+02
-1.017407655715942383e+00 -3.000060655176639557e-02 3.133365418761968613e-03 2.259495854377746582e-02 3.309055175781250000e+02
-1.015774369239807129e+00 -3.006259910762310028e-02 4.263113252818584442e-03 2.249976806342601776e-02 3.319055175781250000e+02
-1.013014435768127441e+00 -3.009065799415111542e-02 5.388101562857627869e-03 2.237977087497711182e-02 3.329055175781250000e+02
-1.009130835533142090e+00 -3.008501604199409485e-02 6.507090292870998383e-03 2.223506942391395569e-02 3.339055175781250000e+02
-1.004127979278564453e+00 -3.004812821745872498e-02 7.618843577802181244e-03 2.206417918205261230e-02 3.349055175781250000e+02
-9.980115890502929688e-01 -2.997469529509544373e-02 8.722052909433841705e-03 2.186994813382625580e-02 3.359054870605468750e+02
-9.907883405685424805e-01 -2.987048588693141937e-02 9.815550409257411957e-03 2.164975181221961975e-02 3.369054565429687500e+02
-9.824663996696472168e-01 -2.972821891307830811e-02 1.089803781360387802e-02 2.140779606997966766e-02 3.379054260253906250e+02
-9.730548858642578125e-01 -2.955618873238563538e-02 1.196842733770608902e-02 2.114061638712882996e-02 3.389053955078125000e+02
-9.625644683837890625e-01 -2.934952825307846069e-02 1.302545797079801559e-02 2.085071429610252380e-02 3.399053344726562500e+02
-9.510067105293273926e-01 -2.911248616874217987e-02 1.406799349933862686e-02 2.053626812994480133e-02 3.409052734375000000e+02
-9.383946657180786133e-01 -2.883917279541492462e-02 1.509480737149715424e-02 2.020089700818061829e-02 3.419051818847656250e+02
-9.247422218322753906e-01 -2.853849343955516815e-02 1.610485278069972992e-02 1.984054222702980042e-02 3.429050903320312500e+02
-9.100648164749145508e-01 -2.820139005780220032e-02 1.709688082337379456e-02 1.946013793349266052e-02 3.439049987792968750e+02
-8.943786025047302246e-01 -2.783302590250968933e-02 1.806988753378391266e-02 1.905862055718898773e-02 3.449048767089843750e+02
-8.777011036872863770e-01 -2.743769809603691101e-02 1.902281865477561951e-02 1.863382942974567413e-02 3.459047241210937500e+02
-8.600510954856872559e-01 -2.700893580913543701e-02 1.995451003313064575e-02 1.818937063217163086e-02 3.469045715332031250e+02
-8.414480686187744141e-01 -2.655130997300148010e-02 2.086397819221019745e-02 1.772396638989448547e-02 3.479043884277343750e+02
-8.219128847122192383e-01 -2.606207504868507385e-02 2.175017632544040680e-02 1.723988167941570282e-02 3.489042053222656250e+02
-8.014672398567199707e-01 -2.554130554199218750e-02 2.261217124760150909e-02 1.673889532685279846e-02 3.499039916992187500e+02
-7.801337242126464844e-01 -2.499820850789546967e-02 2.344911545515060425e-02 1.621691696345806122e-02 3.509037780761718750e+02
-7.579362988471984863e-01 -2.442580647766590118e-02 2.425996214151382446e-02 1.567750982940196991e-02 3.519035339355468750e+02
-7.348996400833129883e-01 -2.382579073309898376e-02 2.504383772611618042e-02 1.512114889919757843e-02 3.529032592773437500e+02
-7.110493183135986328e-01 -2.320273965597152710e-02 2.579989470541477203e-02 1.454599387943744659e-02 3.539029846191406250e+02
-6.864120364189147949e-01 -2.254902757704257965e-02 2.652719430625438690e-02 1.395701430737972260e-02 3.549026794433593750e+02
-6.610150337219238281e-01 -2.187508344650268555e-02 2.722504548728466034e-02 1.335010770708322525e-02 3.559023437500000000e+02
-6.348866820335388184e-01 -2.117216400802135468e-02 2.789255045354366302e-02 1.273061055690050125e-02 3.569020080566406250e+02
-6.080559492111206055e-01 -2.044659107923507690e-02 2.852908149361610413e-02 1.209731400012969971e-02 3.579016418457031250e+02
-5.805526375770568848e-01 -1.969898864626884460e-02 2.913394756615161896e-02 1.145097985863685608e-02 3.589012756347656250e+02
-5.524073243141174316e-01 -1.893213950097560883e-02 2.970649674534797668e-02 1.079095341265201569e-02 3.599008789062500000e+02
-5.236513614654541016e-01 -1.814207620918750763e-02 3.024604357779026031e-02 1.012039184570312500e-02 3.609004516601562500e+02
-4.943166077136993408e-01 -1.733405888080596924e-02 3.075206279754638672e-02 9.438056498765945435e-03 3.619000244140625000e+02
-4.644356966018676758e-01 -1.650851033627986908e-02 3.122396580874919891e-02 8.744327351450920105e-03 3.628995666503906250e+02
-4.340418279170989990e-01 -1.566238515079021454e-02 3.166118264198303223e-02 8.042060770094394684e-03 3.638991088867187500e+02
-4.031686782836914062e-01 -1.479979045689105988e-02 3.206328675150871277e-02 7.330830208957195282e-03 3.648986206054687500e+02
-3.718504905700683594e-01 -1.392116397619247437e-02 3.242982923984527588e-02 6.611582823097705841e-03 3.658981323242187500e+02
-3.401220440864562988e-01 -1.302922796458005905e-02 3.276040777564048767e-02 5.883863195776939392e-03 3.668976440429687500e+02
-3.080186247825622559e-01 -1.211697608232498169e-02 3.305460140109062195e-02 5.153225734829902649e-03 3.678971252441406250e+02
-2.755755484104156494e-01 -1.119919028133153915e-02 3.331226110458374023e-02 4.413548856973648071e-03 3.688966064453125000e+02
-2.428290992975234985e-01 -1.026340108364820480e-02 3.353293985128402710e-02 3.672026097774505615e-03 3.698960571289062500e+02
-2.098153233528137207e-01 -9.325774386525154114e-03 3.371654078364372253e-02 2.921319566667079926e-03 3.708955078125000000e+02
-1.765711903572082520e-01 -8.370427414774894714e-03 3.386260569095611572e-02 2.170017454773187637e-03 3.718949584960937500e+02
-1.431333422660827637e-01 -7.403156720101833344e-03 3.397110477089881897e-02 1.418456318788230419e-03 3.728944091796875000e+02
-1.095387190580368042e-01 -6.433313246816396713e-03 3.404202684760093689e-02 6.630673888139426708e-04 3.738938598632812500e+02
-7.582475244998931885e-02 -5.453884601593017578e-03 3.407518193125724792e-02 -9.181653149425983429e-05 3.748932800292968750e+02
-4.202869907021522522e-02 -4.469695035368204117e-03 3.407059237360954285e-02 -8.469211752526462078e-04 3.758927001953125000e+02
-8.188053965568542480e-03 -3.483354346826672554e-03 3.402824699878692627e-02 -1.602916279807686806e-03 3.768921203613281250e+02
2.565955743193626404e-02 -2.490488346666097641e-03 3.394810110330581665e-02 -2.356448676437139511e-03 3.778915405273437500e+02
5.947668850421905518e-02 -1.494539203122258186e-03 3.383027762174606323e-02 -3.107407828792929649e-03 3.788909606933593750e+02
9.322582930326461792e-02 -4.930302966386079788e-04 3.367490693926811218e-02 -3.852361813187599182e-03 3.798903808593750000e+02
1.268697381019592285e-01 5.036666989326477051e-04 3.348228707909584045e-02 -4.595142789185047150e-03 3.808898010253906250e+02
1.603709459304809570e-01 1.500015729106962681e-03 3.325252979993820190e-02 -5.333115346729755402e-03 3.818892517089843750e+02
1.936923116445541382e-01 2.498089801520109177e-03 3.298587352037429810e-02 -6.063274107873439789e-03 3.828887023925781250e+02
2.267970442771911621e-01 3.492249175906181335e-03 3.268270939588546753e-02 -6.786500103771686554e-03 3.838881530761718750e+02
2.596484422683715820e-01 4.477961454540491104e-03 3.234338387846946716e-02 -7.504662498831748962e-03 3.848876037597656250e+02
2.922099530696868896e-01 5.462211556732654572e-03 3.196815028786659241e-02 -8.213317021727561951e-03 3.858870849609375000e+02
3.244456350803375244e-01 6.439399905502796173e-03 3.155748546123504639e-02 -8.913574740290641785e-03 3.868865661621093750e+02
3.563196957111358643e-01 7.407697383314371109e-03 3.111180663108825684e-02 -9.605725295841693878e-03 3.878860473632812500e+02
3.877967000007629395e-01 8.372372947633266449e-03 3.063151985406875610e-02 -1.028561685234308243e-02 3.888855590820312500e+02
4.188418388366699219e-01 9.325736202299594879e-03 3.011723980307579041e-02 -1.095546782016754150e-02 3.898850708007812500e+02
4.494206011295318604e-01 1.027181185781955719e-02 2.956946566700935364e-02 -1.161198038607835770e-02 3.908846130371093750e+02
4.794991314411163330e-01 1.120493654161691666e-02 2.898886613547801971e-02 -1.225652545690536499e-02 3.918841552734375000e+02
5.090439319610595703e-01 1.212782319635152817e-02 2.837603911757469177e-02 -1.288650184869766235e-02 3.928837280273437500e+02
5.380222797393798828e-01 1.303572487086057663e-02 2.773171477019786835e-02 -1.350298337638378143e-02 3.938833007812500000e+02
5.664019584655761719e-01 1.392979733645915985e-02 2.705656550824642181e-02 -1.410447247326374054e-02 3.948829040527343750e+02
5.941514372825622559e-01 1.481135748326778412e-02 2.635134197771549225e-02 -1.468854956328868866e-02 3.958825073242187500e+02
6.212400197982788086e-01 1.566939800977706909e-02 2.561691403388977051e-02 -1.526032388210296631e-02 3.968821411132812500e+02
6.476373672485351562e-01 1.651745475828647614e-02 2.485389821231365204e-02 -1.581218093633651733e-02 3.978818054199218750e+02
6.733143329620361328e-01 1.734535954892635345e-02 2.406328916549682617e-02 -1.634712144732475281e-02 3.988814697265625000e+02
6.982423067092895508e-01 1.815400831401348114e-02 2.324593253433704376e-02 -1.686399988830089569e-02 3.998811645507812500e+02
7.223935723304748535e-01 1.894056238234043121e-02 2.240273170173168182e-02 -1.736368052661418915e-02 4.008808593750000000e+02
7.457412481307983398e-01 1.970927044749259949e-02 2.153454720973968506e-02 -1.784305088222026825e-02 4.018805847167968750e+02
7.682593464851379395e-01 2.045592479407787323e-02 2.064239419996738434e-02 -1.830280199646949768e-02 4.028803405761718750e+02
7.899228334426879883e-01 2.118146978318691254e-02 1.972725428640842438e-02 -1.874130591750144958e-02 4.038800964355468750e+02
8.107076883316040039e-01 2.188091166317462921e-02 1.879018917679786682e-02 -1.916032843291759491e-02 4.048798828125000000e+02
8.305906057357788086e-01 2.255812846124172211e-02 1.783217303454875946e-02 -1.955726742744445801e-02 4.058796997070312500e+02
8.495495319366455078e-01 2.320969291031360626e-02 1.685431040823459625e-02 -1.993276923894882202e-02 4.068795166015625000e+02
8.675633668899536133e-01 2.383637242019176483e-02 1.585767231881618500e-02 -2.028563432395458221e-02 4.078793640136718750e+02
8.846120238304138184e-01 2.443549036979675293e-02 1.484339032322168350e-02 -2.061647363007068634e-02 4.088792114257812500e+02
9.006764888763427734e-01 2.500700019299983978e-02 1.381256617605686188e-02 -2.092494256794452667e-02 4.098790893554687500e+02
9.157388210296630859e-01 2.555120177567005157e-02 1.276631932705640793e-02 -2.121034264564514160e-02 4.108789672851562500e+02
9.297822713851928711e-01 2.607008069753646851e-02 1.170580182224512100e-02 -2.147045917809009552e-02 4.118788757324218750e+02
9.427912235260009766e-01 2.655658498406410217e-02 1.063227839767932892e-02 -2.170818671584129333e-02 4.128787841796875000e+02
9.547510743141174316e-01 2.701477706432342529e-02 9.546869434416294098e-03 -2.192138694226741791e-02 4.138787231445312500e+02
9.656484723091125488e-01 2.744348533451557159e-02 8.450800552964210510e-03 -2.210981771349906921e-02 4.148786621093750000e+02
9.754713177680969238e-01 2.784107811748981476e-02 7.345309481024742126e-03 -2.227379009127616882e-02 4.158786010742187500e+02
9.842085838317871094e-01 2.820775657892227173e-02 6.231619976460933685e-03 -2.241284027695655823e-02 4.168785705566406250e+02
9.918504953384399414e-01 2.854304388165473938e-02 5.110978148877620697e-03 -2.252676524221897125e-02 4.178785400390625000e+02
9.983885884284973145e-01 2.884696982800960541e-02 3.984639886766672134e-03 -2.261506393551826477e-02 4.188785095214843750e+02
1.003815531730651855e+00 2.911716885864734650e-02 2.853886689990758896e-03 -2.267873845994472504e-02 4.198785095214843750e+02
1.008125305175781250e+00 2.935590222477912903e-02 1.719949766993522644e-03 -2.271647751331329346e-02 4.208785095214843750e+02
1.011313080787658691e+00 2.956019900739192963e-02 5.841258680447936058e-04 -2.272962778806686401e-02 4.218785095214843750e+02
1.013375163078308105e+00 2.973118051886558533e-02 -5.523555446416139603e-04 -2.271787635982036591e-02 4.228785095214843750e+02
1.014309406280517578e+00 2.987083792686462402e-02 -1.688249409198760986e-03 -2.267989702522754669e-02 4.238785095214843750e+02
1.014114737510681152e+00 2.997506037354469299e-02 -2.822244307026267052e-03 -2.261770144104957581e-02 4.248785095214843750e+02
1.012791275978088379e+00 3.004899248480796814e-02 -3.953129518777132034e-03 -2.252851240336894989e-02 4.258785095214843750e+02
1.010340571403503418e+00 3.008626587688922882e-02 -5.079555325210094452e-03 -2.241540886461734772e-02 4.268785095214843750e+02
1.006765365600585938e+00 3.009107336401939392e-02 -6.200325675308704376e-03 -2.227671071887016296e-02 4.278785095214843750e+02
1.002069592475891113e+00 3.006060048937797546e-02 -7.314161397516727448e-03 -2.211402729153633118e-02 4.288785095214843750e+02
9.962584972381591797e-01 2.999897301197052002e-02 -8.419862948358058929e-03 -2.192535251379013062e-02 4.298784790039062500e+02
9.893386363983154297e-01 2.990222163498401642e-02 -9.516130201518535614e-03 -2.171263284981250763e-02 4.308784484863281250e+02
9.813176989555358887e-01 2.977121435105800629e-02 -1.060176175087690353e-02 -2.147610113024711609e-02 4.318784179687500000e+02
9.722046256065368652e-01 2.960566431283950806e-02 -1.167556643486022949e-02 -2.121666818857192993e-02 4.328783874511718750e+02
9.620094895362854004e-01 2.941069193184375763e-02 -1.273639965802431107e-02 -2.093180827796459198e-02 4.338783264160156250e+02
9.507438540458679199e-01 2.918155118823051453e-02 -1.378299016505479813e-02 -2.062378078699111938e-02 4.348782653808593750e+02
9.384202361106872559e-01 2.891613915562629700e-02 -1.481417939066886902e-02 -2.029497921466827393e-02 4.358782043457031250e+02
9.250522255897521973e-01 2.862171083688735962e-02 -1.582892797887325287e-02 -1.994256488978862762e-02 4.368781127929687500e+02
9.106548428535461426e-01 2.829503640532493591e-02 -1.682605594396591187e-02 -1.956824958324432373e-02 4.378780212402343750e+02
8.952441215515136719e-01 2.793853729963302612e-02 -1.780446805059909821e-02 -1.917118392884731293e-02 4.388778991699218750e+02
8.788372874259948730e-01 2.754967659711837769e-02 -1.876302808523178101e-02 -1.875310577452182770e-02 4.398777770996093750e+02
8.614525794982910156e-01 2.713013440370559692e-02 -1.970068365335464478e-02 -1.831403560936450958e-02 4.408776245117187500e+02
8.431094288825988770e-01 2.667868323624134064e-02 -2.061638608574867249e-02 -1.785561628639698029e-02 4.418774719238281250e+02
8.238281607627868652e-01 2.619870938360691071e-02 -2.150916680693626404e-02 -1.737712509930133820e-02 4.428772888183593750e+02
8.036302924156188965e-01 2.569157071411609650e-02 -2.237802371382713318e-02 -1.687814854085445404e-02 4.438770751953125000e+02
7.825384140014648438e-01 2.515507116913795471e-02 -2.322193048894405365e-02 -1.636029407382011414e-02 4.448768615722656250e+02
7.605760097503662109e-01 2.458734996616840363e-02 -2.403994463384151459e-02 -1.582605578005313873e-02 4.458766174316406250e+02
7.377673983573913574e-01 2.399359084665775299e-02 -2.483124658465385437e-02 -1.527429558336734772e-02 4.468763427734375000e+02
7.141380310058593750e-01 2.337614260613918304e-02 -2.559496089816093445e-02 -1.470414735376834869e-02 4.478760681152343750e+02
6.897143125534057617e-01 2.272938564419746399e-02 -2.633016742765903473e-02 -1.411946676671504974e-02 4.488757629394531250e+02
6.645232439041137695e-01 2.205983735620975494e-02 -2.703614160418510437e-02 -1.351832319051027298e-02 4.498754577636718750e+02
6.385929584503173828e-01 2.136336825788021088e-02 -2.771205827593803406e-02 -1.290395669639110565e-02 4.508751220703125000e+02
6.119521856307983398e-01 2.064610458910465240e-02 -2.835725620388984680e-02 -1.227455027401447296e-02 4.518747558593750000e+02
5.846306085586547852e-01 1.990994065999984741e-02 -2.897098287940025330e-02 -1.162905711680650711e-02 4.528743896484375000e+02
5.566587448120117188e-01 1.914459839463233948e-02 -2.955243550240993500e-02 -1.097418740391731262e-02 4.538739929199218750e+02
5.280674099922180176e-01 1.836191862821578979e-02 -3.010114468634128571e-02 -1.030599419027566910e-02 4.548735961914062500e+02
4.988884925842285156e-01 1.755962334573268890e-02 -3.061644360423088074e-02 -9.626075625419616699e-03 4.558731689453125000e+02
4.691544175148010254e-01 1.673578657209873199e-02 -3.109774738550186157e-02 -8.936928585171699524e-03 4.568727416992187500e+02
4.388980567455291748e-01 1.589383929967880249e-02 -3.154459223151206970e-02 -8.238611742854118347e-03 4.578722839355468750e+02
4.081529974937438965e-01 1.504127867519855499e-02 -3.195652365684509277e-02 -7.527446374297142029e-03 4.588718261718750000e+02
3.769536018371582031e-01 1.416416466236114502e-02 -3.233289718627929688e-02 -6.811687722802162170e-03 4.598713378906250000e+02
3.453341722488403320e-01 1.327775418758392334e-02 -3.267348185181617737e-02 -6.085408385843038559e-03 4.608708496093750000e+02
3.133300244808197021e-01 1.237105578184127808e-02 -3.297775238752365112e-02 -5.355236586183309555e-03 4.618703308105468750e+02
2.809764742851257324e-01 1.145842671394348145e-02 -3.324551507830619812e-02 -4.615010693669319153e-03 4.628698120117187500e+02
2.483096867799758911e-01 1.052620075643062592e-02 -3.347626700997352600e-02 -3.872524714097380638e-03 4.638692932128906250e+02
2.153656780719757080e-01 9.580899029970169067e-03 -3.366989269852638245e-02 -3.127530217170715332e-03 4.648687438964843750e+02
1.821809262037277222e-01 8.631027303636074066e-03 -3.382626920938491821e-02 -2.376591321080923080e-03 4.658681945800781250e+02
1.487924158573150635e-01 7.669715210795402527e-03 -3.394509851932525635e-02 -1.623745774850249290e-03 4.668676452636718750e+02
1.152371019124984741e-01 6.697843782603740692e-03 -3.402628749608993530e-02 -8.707190281711518764e-04 4.678670959472656250e+02
8.155207335948944092e-02 5.721518304198980331e-03 -3.406982496380805969e-02 -1.159030944108963013e-04 4.688665161132812500e+02
4.777474701404571533e-02 4.741811193525791168e-03 -3.407562151551246643e-02 6.408965564332902431e-04 4.698659362792968750e+02
1.394267007708549500e-02 3.752262331545352936e-03 -3.404357656836509705e-02 1.394901424646377563e-03 4.708653564453125000e+02
-1.990682631731033325e-02 2.762949559837579727e-03 -3.397383168339729309e-02 2.149706706404685974e-03 4.718647766113281250e+02
-5.373605713248252869e-02 1.766867819242179394e-03 -3.386634588241577148e-02 2.900694729760289192e-03 4.728641967773437500e+02
-8.750763535499572754e-02 7.702623261138796806e-04 -3.372131288051605225e-02 3.649210557341575623e-03 4.738636169433593750e+02
-1.211840659379959106e-01 -2.315641613677144051e-04 -3.353885188698768616e-02 4.390957299619913101e-03 4.748630371093750000e+02
-1.547282040119171143e-01 -1.226654392667114735e-03 -3.331930562853813171e-02 5.130717530846595764e-03 4.758624877929687500e+02
-1.881026476621627808e-01 -2.225330565124750137e-03 -3.306277096271514893e-02 5.862284451723098755e-03 4.768619384765625000e+02
-2.212706059217453003e-01 -3.219948615878820419e-03 -3.276965767145156860e-02 6.587338633835315704e-03 4.778613891601562500e+02
-2.541953027248382568e-01 -4.205869510769844055e-03 -3.244028985500335693e-02 7.308005820959806442e-03 4.788608398437500000e+02
-2.868400812149047852e-01 -5.189377348870038986e-03 -3.207489103078842163e-02 8.020631968975067139e-03 4.798603210449218750e+02
-3.191688060760498047e-01 -6.171994842588901520e-03 -3.167385980486869812e-02 8.722046390175819397e-03 4.808598022460937500e+02
-3.511458039283752441e-01 -7.144883275032043457e-03 -3.123775683343410492e-02 9.414918720722198486e-03 4.818592834472656250e+02
-3.827355504035949707e-01 -8.106728084385395050e-03 -3.076701052486896515e-02 1.009981986135244370e-02 4.828587951660156250e+02
-4.139028489589691162e-01 -9.065572172403335571e-03 -3.026201948523521423e-02 1.077124848961830139e-02 4.838583068847656250e+02
-4.446133077144622803e-01 -1.000792067497968674e-02 -2.972345799207687378e-02 1.143494807183742523e-02 4.848578491210937500e+02
-4.748325645923614502e-01 -1.095239538699388504e-02 -2.915170975029468536e-02 1.207944750785827637e-02 4.858573913574218750e+02
-5.045275092124938965e-01 -1.187341846525669098e-02 -2.854773774743080139e-02 1.271573547273874283e-02 4.868569641113281250e+02
-5.336648225784301758e-01 -1.278878841549158096e-02 -2.791195176541805267e-02 1.333456672728061676e-02 4.878565368652343750e+02
-5.622123479843139648e-01 -1.368211489170789719e-02 -2.724522352218627930e-02 1.394305936992168427e-02 4.888561401367187500e+02
-5.901380777359008789e-01 -1.457239035516977310e-02 -2.654807083308696747e-02 1.453003194183111191e-02 4.898557434082031250e+02
-6.174113750457763672e-01 -1.543560996651649475e-02 -2.582156844437122345e-02 1.510591618716716766e-02 4.908553771972656250e+02
-6.440016031265258789e-01 -1.628834195435047150e-02 -2.506627328693866730e-02 1.566228829324245453e-02 4.918550109863281250e+02
-6.698794364929199219e-01 -1.711993478238582611e-02 -2.428315952420234680e-02 1.620275899767875671e-02 4.928546752929687500e+02
-6.950159668922424316e-01 -1.793274842202663422e-02 -2.347302064299583435e-02 1.672575622797012329e-02 4.938543701171875000e+02
-7.193832397460937500e-01 -1.873007789254188538e-02 -2.263673208653926849e-02 1.722788438200950623e-02 4.948540649414062500e+02
-7.429543137550354004e-01 -1.950190775096416473e-02 -2.177533879876136780e-02 1.771314069628715515e-02 4.958537902832031250e+02
-7.657027840614318848e-01 -2.025687508285045624e-02 -2.088968083262443542e-02 1.817630231380462646e-02 4.968535461425781250e+02
-7.876035571098327637e-01 -2.098489552736282349e-02 -1.998086646199226379e-02 1.862134411931037903e-02 4.978533020019531250e+02
-8.086321353912353516e-01 -2.169010788202285767e-02 -1.904979906976222992e-02 1.904616691172122955e-02 4.988530883789062500e+02
-8.287650942802429199e-01 -2.237090654671192169e-02 -1.809749007225036621e-02 1.945092715322971344e-02 4.998528747558593750e+02
