-1.299307099543511868e-03
-9.267650602851063013e-05
-2.403827529633417726e-04
-2.890403557103127241e-04
-4.320346051827073097e-04
-6.176183233037590981e-04
-8.261281182058155537e-04
-1.033389242365956306e-03
-1.222108374349772930e-03
-1.380969537422060966e-03
-1.505724503658711910e-03
-1.598530332557857037e-03
-1.664926880039274693e-03
-1.713793957605957985e-03
-1.754027209244668484e-03
-1.792849157936871052e-03
-1.837139599956572056e-03
-1.889020437374711037e-03
-1.950333593413233757e-03
-2.019585808739066124e-03
-2.094242488965392113e-03
-2.171019092202186584e-03
-2.247238066047430038e-03
-2.319835359230637550e-03
-2.386494539678096771e-03
-2.447237726300954819e-03
-2.500724280253052711e-03
-2.548120450228452682e-03
-2.590406686067581177e-03
-2.628127811476588249e-03
-2.662707818672060966e-03
-2.694940892979502678e-03
-2.725169993937015533e-03
-2.753954613581299782e-03
-2.781084505841135979e-03
-2.805816708132624626e-03
-2.828987082466483116e-03
-2.848615404218435287e-03
-2.865558257326483727e-03
-2.878783969208598137e-03
-2.888504415750503540e-03
-2.894630655646324158e-03
-2.896856050938367844e-03
-2.895500045269727707e-03
-2.890576608479022980e-03
-2.882336964830756187e-03
-2.870870754122734070e-03
-2.856502542272210121e-03
-2.839054446667432785e-03
-2.818343695253133774e-03
-2.794943517073988914e-03
-2.768446924164891243e-03
-2.739201532676815987e-03
-2.706653205677866936e-03
-2.671211026608943939e-03
-2.632838673889636993e-03
-2.590952208265662193e-03
-2.546772593632340431e-03
-2.499240450561046600e-03
-2.449294552206993103e-03
-2.396483439952135086e-03
-2.340686507523059845e-03
-2.282733097672462463e-03
-2.222048817202448845e-03
-2.158966148272156715e-03
-2.093415940180420876e-03
-2.025858964771032333e-03
-1.955906860530376434e-03
-1.883813063614070415e-03
-1.809497596696019173e-03
-1.733412849716842175e-03
-1.655317144468426704e-03
-1.575619913637638092e-03
-1.493883086368441582e-03
-1.410444034263491631e-03
-1.325728953815996647e-03
-1.239461475051939487e-03
-1.151848467998206615e-03
-1.062764087691903114e-03
-9.727797587402164936e-04
-8.815194014459848404e-04
-7.895331946201622486e-04
-6.963851628825068474e-04
-6.028672796674072742e-04
-5.082443240098655224e-04
-4.134126356802880764e-04
-3.179671184625476599e-04
-2.221541653852909803e-04
-1.261500146938487887e-04
-3.007759551110211760e-05
6.598020263481885195e-05
1.625019067432731390e-04
2.581907028798013926e-04
3.539767931215465069e-04
4.492397711146622896e-04
5.439817323349416256e-04
6.382031715475022793e-04
7.318542338907718658e-04
8.241843897849321365e-04
9.164541261270642281e-04
1.006563543342053890e-03
1.096937339752912521e-03
1.185307744890451431e-03
1.272406312637031078e-03
1.358299283310770988e-03
1.442541368305683136e-03
1.525279250927269459e-03
1.606226433068513870e-03
1.685801544226706028e-03
1.762982574291527271e-03
1.838845899328589439e-03
1.911831670440733433e-03
1.983383903279900551e-03
2.052494790405035019e-03
2.119374694302678108e-03
2.184019191190600395e-03
2.246135612949728966e-03
2.305753994733095169e-03
2.362893661484122276e-03
2.417392097413539886e-03
2.469184342771768570e-03
2.518127206712961197e-03
2.564439317211508751e-03
2.607722999528050423e-03
2.648083493113517761e-03
2.685930579900741577e-03
2.720241900533437729e-03
2.751459833234548569e-03
2.780411392450332642e-03
2.805798780173063278e-03
2.827911637723445892e-03
2.847017953172326088e-03
2.862724708393216133e-03
2.875366481021046638e-03
2.884751884266734123e-03
2.891181735321879387e-03
2.894051373004913330e-03
2.894286531955003738e-03
2.890303032472729683e-03
2.884023822844028473e-03
2.874109894037246704e-03
2.860968699678778648e-03
2.844776725396513939e-03
2.825116505846381187e-03
2.802607370540499687e-03
2.777008572593331337e-03
2.747758990153670311e-03
2.716109389439225197e-03
2.681557321920990944e-03
2.643335610628128052e-03
2.602530876174569130e-03
2.558816224336624146e-03
2.512264763936400414e-03
2.463105833157896996e-03
2.410932909697294235e-03
2.355969510972499847e-03
2.298940671607851982e-03
2.238856162875890732e-03
2.176729263737797737e-03
2.111725043505430222e-03
2.044867957010865211e-03
1.975711435079574585e-03
1.903889118693768978e-03
1.830353750847280025e-03
1.754641649313271046e-03
1.676930580288171768e-03
1.597391557879745960e-03
1.516354735940694809e-03
1.433564466424286366e-03
1.349181751720607281e-03
1.263275393284857273e-03
1.175978570245206356e-03
1.087247394025325775e-03
9.973577689379453659e-04
9.069582447409629822e-04
8.149381610564887524e-04
7.220364641398191452e-04
6.285859271883964539e-04
5.343081429600715637e-04
4.395310534164309502e-04
3.443810273893177509e-04
2.485220902599394321e-04
1.528934517409652472e-04
5.632981992675922811e-05
-3.947375444113276899e-05
-1.357555302092805505e-04
-2.322307263966649771e-04
-3.272426256444305182e-04
-4.237375687807798386e-04
-5.181782180443406105e-04
-6.127920350991189480e-04
-7.058299961499869823e-04
-7.987450226210057735e-04
-8.912932244129478931e-04
-9.820656850934028625e-04
-1.072003156878054142e-03
-1.161014894023537636e-03
-1.248605200089514256e-03
-1.334464061073958874e-03
-1.419761916622519493e-03
-1.502969651482999325e-03
-1.584226265549659729e-03
-1.664069248363375664e-03
-1.741963322274386883e-03
-1.817711279727518559e-03
-1.891991239972412586e-03
-1.963995397090911865e-03
-2.034152392297983170e-03
-2.101095858961343765e-03
-2.166714752092957497e-03
-2.229171805083751678e-03
-2.289605792611837387e-03
-2.347577130421996117e-03
-2.402465324848890305e-03
-2.455205656588077545e-03
-2.504764357581734657e-03
-2.551894402131438255e-03
-2.596263773739337921e-03
-2.637233817949891090e-03
-2.675838302820920944e-03
-2.711125649511814117e-03
-2.743580844253301620e-03
-2.772604813799262047e-03
-2.799183130264282227e-03
-2.821899252012372017e-03
-2.842040034011006355e-03
-2.858821535483002663e-03
-2.872273791581392288e-03
-2.882565138861536980e-03
-2.889720955863595009e-03
-2.893791999667882919e-03
-2.894381061196327209e-03
-2.891623880714178085e-03
-2.886187518015503883e-03
-2.877141349017620087e-03
-2.864826936274766922e-03
-2.849482698366045952e-03
-2.830797806382179260e-03
-2.809037920087575912e-03
-2.784205833449959755e-03
-2.756205620244145393e-03
-2.725277328863739967e-03
-2.691280562430620193e-03
-2.654207870364189148e-03
-2.614113036543130875e-03
-2.571077086031436920e-03
-2.525467192754149437e-03
-2.476649591699242592e-03
-2.425738843157887459e-03
-2.371826907619833946e-03
-2.314646262675523758e-03
-2.255940809845924377e-03
-2.193758497014641762e-03
-2.130417386069893837e-03
-2.063129562884569168e-03
-1.994264312088489532e-03
-1.923767500557005405e-03
-1.850256347097456455e-03
-1.775654149241745472e-03
-1.698635052889585495e-03
-1.619793940335512161e-03
-1.539295539259910583e-03
-1.456234138458967209e-03
-1.372975530102849007e-03
-1.286585349589586258e-03
-1.199846155941486359e-03
-1.112052239477634430e-03
-1.021598931401968002e-03
-9.321746765635907650e-04
-8.400006918236613274e-04
-7.480727508664131165e-04
-6.538728484883904457e-04
-5.609798245131969452e-04
-4.651075287256389856e-04
-3.709913289640098810e-04
-2.748705446720123291e-04
-1.793621777324005961e-04
-8.263178460765630007e-05
1.351541231997543946e-05
1.088765347958542407e-04
2.061381383100524545e-04
3.018602146767079830e-04
3.974353312514722347e-04
4.916581674478948116e-04
5.867345607839524746e-04
6.806281162425875664e-04
7.737822015769779682e-04
8.654911071062088013e-04
9.569627000018954277e-04
1.047277124598622322e-03
1.136128208599984646e-03
1.224952982738614082e-03
1.310960156843066216e-03
1.396153820678591728e-03
1.480436534620821476e-03
1.561877666972577572e-03
1.642718096263706684e-03
1.720453728921711445e-03
1.797811128199100494e-03
1.871526939794421196e-03
1.944853574968874454e-03
2.014571102336049080e-03
2.082631457597017288e-03
2.148658037185668945e-03
2.212330931797623634e-03
2.273522783070802689e-03
2.331760479137301445e-03
2.387497574090957642e-03
2.440833952277898788e-03
2.491618506610393524e-03
2.539368811994791031e-03
2.584501868113875389e-03
2.626371569931507111e-03
2.665620995685458183e-03
2.701697638258337975e-03
2.734848298132419586e-03
2.765074605122208595e-03
2.791916020214557648e-03
2.816012594848871231e-03
2.836653264239430428e-03
2.854286693036556244e-03
2.868922660127282143e-03
2.880240557715296745e-03
2.887914655730128288e-03
2.893092343583703041e-03
2.894558943808078766e-03
2.892773132771253586e-03
2.888055751100182533e-03
2.879865234717726707e-03
2.868725918233394623e-03
2.853769576177000999e-03
2.836262807250022888e-03
2.815493149682879448e-03
2.791610779240727425e-03
2.764070872217416763e-03
2.734203124418854713e-03
2.700455253943800926e-03
2.664881991222500801e-03
2.625335939228534698e-03
2.583461347967386246e-03
2.538066823035478592e-03
2.490822458639740944e-03
2.439504023641347885e-03
2.386739943176507950e-03
2.331059426069259644e-03
2.271945122629404068e-03
2.211136976256966591e-03
2.147387247532606125e-03
2.081771148368716240e-03
2.014406025409698486e-03
1.943466835655272007e-03
1.871108892373740673e-03
1.796704600565135479e-03
1.719506923109292984e-03
1.641658367589116096e-03
1.560623757541179657e-03
1.479175989516079426e-03
1.395708648487925529e-03
1.310755033046007156e-03
1.223917002789676189e-03
1.136443228460848331e-03
1.047198427841067314e-03
9.565914515405893326e-04
8.655328419990837574e-04
7.732407539151608944e-04
6.801399867981672287e-04
5.858612130396068096e-04
4.924417589791119099e-04
3.965164651162922382e-04
3.019494470208883286e-04
2.045880974037572742e-04
1.090527366613969207e-04
1.355734912067418918e-05
-8.321728091686964035e-05
-1.789694651961326599e-04
-2.749128034338355064e-04
-3.711197641678154469e-04
-4.662729916162788868e-04
-5.610770313069224358e-04
-6.543598719872534275e-04
-7.482183864340186119e-04
-8.408839930780231953e-04
-9.318928350694477558e-04
-1.022218260914087296e-03
-1.112316618673503399e-03
-1.200223923660814762e-03
-1.287312246859073639e-03
-1.373436185531318188e-03
-1.457083970308303833e-03
-1.539949327707290649e-03
-1.620389404706656933e-03
-1.699614105746150017e-03
-1.776411663740873337e-03
-1.851733541116118431e-03
-1.924818847328424454e-03
-1.995154190808534622e-03
-2.065062522888183594e-03
-2.130748005583882332e-03
-2.194950822740793228e-03
-2.256603678688406944e-03
-2.316263271495699883e-03
-2.372649731114506721e-03
-2.426696708425879478e-03
-2.477680798619985580e-03
-2.526582917198538780e-03
-2.572097349911928177e-03
-2.615033183246850967e-03
-2.654824173077940941e-03
-2.691950881853699684e-03
-2.726158360019326210e-03
-2.757278271019458771e-03
-2.784692216664552689e-03
-2.809904748573899269e-03
-2.831523306667804718e-03
-2.849942538887262344e-03
-2.865321002900600433e-03
-2.877430757507681847e-03
-2.886302536353468895e-03
-2.891806419938802719e-03
-2.894405741244554520e-03
-2.893418073654174805e-03
-2.889607101678848267e-03
-2.882563276216387749e-03
-2.871892647817730904e-03
-2.858594525605440140e-03
-2.841250738129019737e-03
-2.821556059643626213e-03
-2.798236673697829247e-03
-2.772230887785553932e-03
-2.742477459833025932e-03
-2.710106316953897476e-03
-2.674764953553676605e-03
-2.636718098074197769e-03
-2.594881691038608551e-03
-2.550607779994606972e-03
-2.504231873899698257e-03
-2.454225905239582062e-03
-2.401822479441761971e-03
-2.346342429518699646e-03
-2.288583433255553246e-03
-2.228164346888661385e-03
-2.165655838325619698e-03
-2.100440207868814468e-03
-2.032532356679439545e-03
-1.962587237358093262e-03
-1.891117077320814133e-03
-1.817170646972954273e-03
-1.740698353387415409e-03
-1.663238857872784138e-03
-1.583260716870427132e-03
-1.502324012108147144e-03
-1.419074367731809616e-03
-1.333550550043582916e-03
-1.248325803317129612e-03
-1.160532818175852299e-03
-1.071606879122555256e-03
-9.820613777264952660e-04
-8.913647616282105446e-04
-7.982193492352962494e-04
-7.063208613544702530e-04
-6.117712473496794701e-04
-5.181954475119709969e-04
-4.219755646772682667e-04
-3.271951572969555855e-04
-2.320392377441748977e-04
-1.353651023237034678e-04
-3.934176857001148164e-05
5.632397005683742464e-05
1.525755069451406598e-04
2.491241612005978823e-04
3.442610614001750946e-04
4.402985796332359314e-04
5.348299164324998856e-04
6.293476326391100883e-04
7.220554398372769356e-04
8.155730902217328548e-04
9.066760540008544922e-04
9.973264532163739204e-04
1.087892567738890648e-03
1.176629099063575268e-03
1.263239653781056404e-03
1.349358586594462395e-03
1.434593461453914642e-03
1.516897464171051979e-03
1.599494717083871365e-03
1.677108230069279671e-03
1.756118494085967541e-03
1.830859342589974403e-03
1.905867713503539562e-03
1.975659048184752464e-03
2.046358305960893631e-03
2.112707355991005898e-03
2.177838934585452080e-03
2.240400062873959541e-03
2.299554878845810890e-03
2.357453806325793266e-03
2.411384601145982742e-03
2.463894896209239960e-03
2.513369079679250717e-03
2.560328226536512375e-03
