0.000000000000000000e+00 0.000000000000000000e+00 3.333333507180213928e-02 0.000000000000000000e+00 0.000000000000000000e+00
3.332716226577758789e-02 8.170359767973423004e-03 3.333333507180213928e-02 5.773270037025213242e-03 9.994444847106933594e-01
6.706261634826660156e-02 -1.122653484344482422e-03 3.362200036644935608e-02 3.309020074084401131e-03 1.998875379562377930e+00
1.006221845746040344e-01 -5.631865467876195908e-03 3.378745168447494507e-02 9.634154848754405975e-04 2.998312234878540039e+00
1.341217756271362305e-01 -8.151147514581680298e-03 3.383562341332435608e-02 -1.952345250174403191e-03 3.997750997543334961e+00
1.675436198711395264e-01 -8.252676576375961304e-03 3.373800590634346008e-02 -4.813376814126968384e-03 4.997192382812500000e+00
2.008628249168395996e-01 -6.410016678273677826e-03 3.349733725190162659e-02 -7.306456100195646286e-03 5.996637344360351562e+00
2.340335845947265625e-01 -3.226533997803926468e-03 3.313201293349266052e-02 -9.226074442267417908e-03 6.996087074279785156e+00
2.669982910156250000e-01 6.173143628984689713e-04 3.267071023583412170e-02 -1.050791982561349869e-02 7.995543479919433594e+00
2.996940314769744873e-01 4.497565329074859619e-03 3.214531391859054565e-02 -1.120289508253335953e-02 8.995008468627929688e+00
3.320585787296295166e-01 7.931630127131938934e-03 3.158516809344291687e-02 -1.144179608672857285e-02 9.994484901428222656e+00
3.640348911285400391e-01 1.061934791505336761e-02 3.101307898759841919e-02 -1.139677129685878754e-02 1.099397373199462891e+01
3.955737054347991943e-01 1.244794949889183044e-02 3.044323995709419250e-02 -1.124446932226419449e-02 1.199347686767578125e+01
4.266343414783477783e-01 1.346734724938869476e-02 2.988101728260517120e-02 -1.113632414489984512e-02 1.299299430847167969e+01
4.571839869022369385e-01 1.384428609162569046e-02 2.932420186698436737e-02 -1.118005905300378799e-02 1.399252796173095703e+01
4.871959090232849121e-01 1.380759850144386292e-02 2.876519970595836639e-02 -1.143305376172065735e-02 1.499207782745361328e+01
5.166472196578979492e-01 1.359755732119083405e-02 2.819354645907878876e-02 -1.190476678311824799e-02 1.599164390563964844e+01
5.455166101455688477e-01 1.342678535729646683e-02 2.759830839931964874e-02 -1.256496924906969070e-02 1.699122810363769531e+01
5.737825036048889160e-01 1.344868447631597519e-02 2.697006054222583771e-02 -1.335965003818273544e-02 1.799082946777343750e+01
6.014214754104614258e-01 1.375348027795553207e-02 2.630207873880863190e-02 -1.422106660902500153e-02 1.899044799804687500e+01
6.284079551696777344e-01 1.435780245810747147e-02 2.559102512896060944e-02 -1.508683152496814728e-02 1.999008369445800781e+01
6.547138690948486328e-01 1.522841211408376694e-02 2.483668364584445953e-02 -1.590411923825740814e-02 2.098973846435546875e+01
6.803091764450073242e-01 1.629513502120971680e-02 2.404147759079933167e-02 -1.663676463067531586e-02 2.198941040039062500e+01
7.051628828048706055e-01 1.746881194412708282e-02 2.320963889360427856e-02 -1.726787164807319641e-02 2.298910140991210938e+01
7.292436361312866211e-01 1.865950971841812134e-02 2.234624512493610382e-02 -1.779847033321857452e-02 2.398881149291992188e+01
7.525207400321960449e-01 1.979542896151542664e-02 2.145632170140743256e-02 -1.824049651622772217e-02 2.498854064941406250e+01
7.749649286270141602e-01 2.082442678511142731e-02 2.054429613053798676e-02 -1.861470937728881836e-02 2.598828887939453125e+01
7.965487837791442871e-01 2.171867154538631439e-02 1.961356028914451599e-02 -1.894534565508365631e-02 2.698805618286132812e+01
8.172467947006225586e-01 2.247702889144420624e-02 1.866629347205162048e-02 -1.925328746438026428e-02 2.798784255981445312e+01
8.370356559753417969e-01 2.311419323086738586e-02 1.770363003015518188e-02 -1.955568417906761169e-02 2.898764801025390625e+01
8.558939099311828613e-01 2.365527302026748657e-02 1.672584563493728638e-02 -1.986438408493995667e-02 2.998747062683105469e+01
8.738015890121459961e-01 2.413814701139926910e-02 1.573262736201286316e-02 -2.017974853515625000e-02 3.098731040954589844e+01
8.907403349876403809e-01 2.458432689309120178e-02 1.472363993525505066e-02 -2.050399594008922577e-02 3.198716735839843750e+01
9.066925048828125000e-01 2.502594701945781708e-02 1.369844004511833191e-02 -2.082700841128826141e-02 3.298704147338867188e+01
9.216417074203491211e-01 2.547268196940422058e-02 1.265708915889263153e-02 -2.114273421466350555e-02 3.398693084716796875e+01
9.355719685554504395e-01 2.593328617513179779e-02 1.159995235502719879e-02 -2.144118212163448334e-02 3.498683547973632812e+01
9.484682083129882812e-01 2.640591375529766083e-02 1.052789296954870224e-02 -2.171414345502853394e-02 3.598675155639648438e+01
9.603161215782165527e-01 2.688319422304630280e-02 9.442185983061790466e-03 -2.195497974753379822e-02 3.698668289184570312e+01
9.711022377014160156e-01 2.734951861202716827e-02 8.344436995685100555e-03 -2.216249704360961914e-02 3.798662567138671875e+01
9.808139801025390625e-01 2.779751643538475037e-02 7.236312143504619598e-03 -2.233331836760044098e-02 3.898657989501953125e+01
9.894400835037231445e-01 2.821395546197891235e-02 6.119646131992340088e-03 -2.246895246207714081e-02 3.998654556274414062e+01
9.969703555107116699e-01 2.858941070735454559e-02 4.996198229491710663e-03 -2.257217094302177429e-02 4.098651885986328125e+01
1.003396034240722656e+00 2.891996689140796661e-02 3.867589635774493217e-03 -2.264523319900035858e-02 4.198649978637695312e+01
1.008709549903869629e+00 2.920233458280563354e-02 2.735327929258346558e-03 -2.269175089895725250e-02 4.298648834228515625e+01
1.012905001640319824e+00 2.943811938166618347e-02 1.600740361027419567e-03 -2.271396480500698090e-02 4.398648071289062500e+01
1.015977621078491211e+00 2.963031642138957977e-02 4.650420742109417915e-04 -2.271348796784877777e-02 4.498647689819335938e+01
1.017924189567565918e+00 2.978141419589519501e-02 -6.706323474645614624e-04 -2.269206196069717407e-02 4.598647689819335938e+01
1.018742680549621582e+00 2.989668957889080048e-02 -1.805235515348613262e-03 -2.264941670000553131e-02 4.698647689819335938e+01
1.018432259559631348e+00 2.998022921383380890e-02 -2.937706420198082924e-03 -2.258465625345706940e-02 4.798647689819335938e+01
1.016993522644042969e+00 3.003280609846115112e-02 -4.066939465701580048e-03 -2.249785885214805603e-02 4.898647689819335938e+01
1.014428257942199707e+00 3.005900420248508453e-02 -5.191832315176725388e-03 -2.238624170422554016e-02 4.998647308349609375e+01
1.010739326477050781e+00 3.005460463464260101e-02 -6.311144679784774780e-03 -2.225109376013278961e-02 5.098646926879882812e+01
1.005930900573730469e+00 3.002316132187843323e-02 -7.423699367791414261e-03 -2.208974771201610565e-02 5.198645782470703125e+01
1.000008344650268555e+00 2.996052429080009460e-02 -8.528186939656734467e-03 -2.190314233303070068e-02 5.298644256591796875e+01
9.929782152175903320e-01 2.986668050289154053e-02 -9.623344056308269501e-03 -2.169070206582546234e-02 5.398641967773437500e+01
9.848482608795166016e-01 2.974100597202777863e-02 -1.070787943899631500e-02 -2.145208232104778290e-02 5.498638916015625000e+01
9.756275415420532227e-01 2.958058379590511322e-02 -1.178048364818096161e-02 -2.118860557675361633e-02 5.598634719848632812e+01
9.653262495994567871e-01 2.938513644039630890e-02 -1.283991429954767227e-02 -2.090094238519668579e-02 5.698629379272460938e+01
9.539558291435241699e-01 2.915564738214015961e-02 -1.388496160507202148e-02 -2.058918401598930359e-02 5.798622894287109375e+01
9.415289759635925293e-01 2.889022603631019592e-02 -1.491442043334245682e-02 -2.025522291660308838e-02 5.898615264892578125e+01
9.280594587326049805e-01 2.859225124120712280e-02 -1.592718064785003662e-02 -1.989837735891342163e-02 5.998606109619140625e+01
9.135623574256896973e-01 2.826057747006416321e-02 -1.692209951579570770e-02 -1.952005922794342041e-02 6.098595809936523438e+01
8.980538845062255859e-01 2.789638377726078033e-02 -1.789810322225093842e-02 -1.912081986665725708e-02 6.198583984375000000e+01
8.815513253211975098e-01 2.750034444034099579e-02 -1.885414496064186096e-02 -1.870145276188850403e-02 6.298570632934570312e+01
8.640730977058410645e-01 2.707563340663909912e-02 -1.978921703994274139e-02 -1.826109737157821655e-02 6.398555374145507812e+01
8.456386923789978027e-01 2.662146277725696564e-02 -2.070227265357971191e-02 -1.780056767165660858e-02 6.498538208007812500e+01
8.262686729431152344e-01 2.613795362412929535e-02 -2.159230038523674011e-02 -1.732052862644195557e-02 6.598519897460937500e+01
8.059846162796020508e-01 2.562529779970645905e-02 -2.245832607150077820e-02 -1.682179421186447144e-02 6.698499298095703125e+01
7.848091125488281250e-01 2.508621476590633392e-02 -2.329941652715206146e-02 -1.630362682044506073e-02 6.798477172851562500e+01
7.627657651901245117e-01 2.452005073428153992e-02 -2.411459758877754211e-02 -1.576671935617923737e-02 6.898452758789062500e+01
7.398791313171386719e-01 2.392288669943809509e-02 -2.490293420851230621e-02 -1.521447859704494476e-02 6.998426818847656250e+01
7.161745429039001465e-01 2.330470085144042969e-02 -2.566365897655487061e-02 -1.464269123971462250e-02 7.098398590087890625e+01
6.916785240173339844e-01 2.265741862356662750e-02 -2.639579400420188904e-02 -1.405585557222366333e-02 7.198368835449218750e+01
6.664182543754577637e-01 2.198424749076366425e-02 -2.709858678281307220e-02 -1.345414854586124420e-02 7.298336791992187500e+01
6.404218077659606934e-01 2.128882706165313721e-02 -2.777129411697387695e-02 -1.283667143434286118e-02 7.398303222656250000e+01
6.137180924415588379e-01 2.056846395134925842e-02 -2.841312810778617859e-02 -1.220574881881475449e-02 7.498267364501953125e+01
5.863367915153503418e-01 1.982677541673183441e-02 -2.902341634035110474e-02 -1.156074460595846176e-02 7.598229980468750000e+01
5.583083629608154297e-01 1.906204409897327423e-02 -2.960145287215709686e-02 -1.090363785624504089e-02 7.698191070556640625e+01
5.296639204025268555e-01 1.827758550643920898e-02 -3.014663420617580414e-02 -1.023397687822580338e-02 7.798149871826171875e+01
5.004352927207946777e-01 1.747242175042629242e-02 -3.065833263099193573e-02 -9.553327225148677826e-03 7.898107147216796875e+01
4.706549644470214844e-01 1.664789207279682159e-02 -3.113599866628646851e-02 -8.862409740686416626e-03 7.998062896728515625e+01
4.403559863567352295e-01 1.580573245882987976e-02 -3.157911822199821472e-02 -8.161562494933605194e-03 8.098017120361328125e+01
4.095720052719116211e-01 1.494599040597677231e-02 -3.198719769716262817e-02 -7.451983168721199036e-03 8.197969818115234375e+01
3.783371746540069580e-01 1.406953949481248856e-02 -3.235979750752449036e-02 -6.734681781381368637e-03 8.297920989990234375e+01
3.466861248016357422e-01 1.317881513386964798e-02 -3.269653022289276123e-02 -6.009682547301054001e-03 8.397870635986328125e+01
3.146540224552154541e-01 1.227407902479171753e-02 -3.299701586365699768e-02 -5.277920514345169067e-03 8.497819519042968750e+01
2.822763621807098389e-01 1.135636493563652039e-02 -3.326091170310974121e-02 -4.540032707154750824e-03 8.597766876220703125e+01
2.495890855789184570e-01 1.042632665485143661e-02 -3.348791226744651794e-02 -3.796874778345227242e-03 8.697713470458984375e+01
2.166284620761871338e-01 9.483402594923973083e-03 -3.367775678634643555e-02 -3.050277708098292351e-03 8.797659301757812500e+01
1.834309697151184082e-01 8.529678918421268463e-03 -3.383027017116546631e-02 -2.300973981618881226e-03 8.897604370117187500e+01
1.500333845615386963e-01 7.569225970655679703e-03 -3.394531831145286560e-02 -1.547999214380979538e-03 8.997548675537109375e+01
1.164728254079818726e-01 6.599226035177707672e-03 -3.402271866798400879e-02 -7.938626804389059544e-04 9.097492218017578125e+01
8.278644084930419922e-02 5.622310563921928406e-03 -3.406241163611412048e-02 -3.881176235154271126e-05 9.197435760498046875e+01
4.901156574487686157e-02 4.639236256480216980e-03 -3.406435251235961914e-02 7.161858957260847092e-04 9.297378540039062500e+01
1.518562436103820801e-02 3.652653656899929047e-03 -3.402854502201080322e-02 1.471370342187583447e-03 9.397321319580078125e+01
-1.865382492542266846e-02 2.660079859197139740e-03 -3.395497798919677734e-02 2.224130555987358093e-03 9.497264099121093750e+01
-5.246935412287712097e-02 1.665071235038340092e-03 -3.384377062320709229e-02 2.974586794152855873e-03 9.597206878662109375e+01
-8.622346073389053345e-02 6.694754119962453842e-04 -3.369504213333129883e-02 3.722623456269502640e-03 9.697149658203125000e+01
-1.198786720633506775e-01 -3.301997203379869461e-04 -3.350891172885894775e-02 4.464797209948301315e-03 9.797093200683593750e+01
-1.533978134393692017e-01 -1.326792757026851177e-03 -3.328567370772361755e-02 5.203109700232744217e-03 9.897036743164062500e+01
-1.867436468601226807e-01 -2.322304062545299530e-03 -3.302551805973052979e-02 5.935641936957836151e-03 9.996981048583984375e+01
-2.198792099952697754e-01 -3.315109759569168091e-03 -3.272873535752296448e-02 6.661862134933471680e-03 1.009692611694335938e+02
-2.527677714824676514e-01 -4.305249545723199844e-03 -3.239564225077629089e-02 7.380306255072355270e-03 1.019687194824218750e+02
-2.853728830814361572e-01 -5.290838424116373062e-03 -3.202662616968154907e-02 8.090364746749401093e-03 1.029681854248046875e+02
-3.176584243774414062e-01 -6.268230266869068146e-03 -3.162210807204246521e-02 8.792955428361892700e-03 1.039676666259765625e+02
-3.495885133743286133e-01 -7.242415100336074829e-03 -3.118246048688888550e-02 9.484161622822284698e-03 1.049671554565429688e+02
-3.811278641223907471e-01 -8.205682039260864258e-03 -3.070825152099132538e-02 1.016640383750200272e-02 1.059666595458984375e+02
-4.122413694858551025e-01 -9.161421097815036774e-03 -3.019993193447589874e-02 1.083709578961133957e-02 1.069661788940429688e+02
-4.428945779800415039e-01 -1.010792609304189682e-02 -2.965807728469371796e-02 1.149548683315515518e-02 1.079657058715820312e+02
-4.730534851551055908e-01 -1.104325614869594574e-02 -2.908330224454402924e-02 1.214118115603923798e-02 1.089652481079101562e+02
-5.026845932006835938e-01 -1.196418423205614090e-02 -2.847624383866786957e-02 1.277506072074174881e-02 1.099648056030273438e+02
-5.317549705505371094e-01 -1.287550758570432663e-02 -2.783749066293239594e-02 1.339348126202821732e-02 1.109643859863281250e+02
-5.602324008941650391e-01 -1.377167087048292160e-02 -2.716781571507453918e-02 1.399761624634265900e-02 1.119639816284179688e+02
-5.880851745605468750e-01 -1.465424429625272751e-02 -2.646793425083160400e-02 1.458545308560132980e-02 1.129635925292968750e+02
-6.152824759483337402e-01 -1.551995426416397095e-02 -2.573866210877895355e-02 1.515730284154415131e-02 1.139632263183593750e+02
-6.417940258979797363e-01 -1.636788994073867798e-02 -2.498079650104045868e-02 1.571276225149631500e-02 1.149628753662109375e+02
-6.675903797149658203e-01 -1.719750091433525085e-02 -2.419515885412693024e-02 1.625127159059047699e-02 1.159625396728515625e+02
-6.926428079605102539e-01 -1.800844818353652954e-02 -2.338259480893611908e-02 1.677207089960575104e-02 1.169622268676757812e+02
-7.169234752655029297e-01 -1.880135759711265564e-02 -2.254399098455905914e-02 1.727354340255260468e-02 1.179619293212890625e+02
-7.404053807258605957e-01 -1.957253366708755493e-02 -2.168031409382820129e-02 1.775640808045864105e-02 1.189616546630859375e+02
-7.630624175071716309e-01 -2.032313495874404907e-02 -2.079249359667301178e-02 1.821915805339813232e-02 1.199613952636718750e+02
-7.848693728446960449e-01 -2.105106040835380554e-02 -1.988153532147407532e-02 1.866176351904869080e-02 1.209611587524414062e+02
-8.058019280433654785e-01 -2.175487391650676727e-02 -1.894844695925712585e-02 1.908426173031330109e-02 1.219609375000000000e+02
-8.258367776870727539e-01 -2.243572659790515900e-02 -1.799423433840274811e-02 1.948524452745914459e-02 1.229607391357421875e+02
-8.449516296386718750e-01 -2.309252694249153137e-02 -1.701997220516204834e-02 1.986409723758697510e-02 1.239605560302734375e+02
-8.631252646446228027e-01 -2.372260391712188721e-02 -1.602676697075366974e-02 2.022139728069305420e-02 1.249603881835937500e+02
-8.803372979164123535e-01 -2.432804182171821594e-02 -1.501569710671901703e-02 2.055523730814456940e-02 1.259602432250976562e+02
-8.965687155723571777e-01 -2.490410394966602325e-02 -1.398793514817953110e-02 2.086734585464000702e-02 1.269601135253906250e+02
-9.118012785911560059e-01 -2.545386739075183868e-02 -1.294456794857978821e-02 2.115573175251483917e-02 1.279599990844726562e+02
-9.260180592536926270e-01 -2.597411349415779114e-02 -1.188678108155727386e-02 2.142138034105300903e-02 1.289598999023437500e+02
-9.392032027244567871e-01 -2.646735310554504395e-02 -1.081571169197559357e-02 2.166238613426685333e-02 1.299598083496093750e+02
-9.513419866561889648e-01 -2.693062648177146912e-02 -9.732592850923538208e-03 2.187940292060375214e-02 1.309597320556640625e+02
-9.624208807945251465e-01 -2.736340649425983429e-02 -8.638622239232063293e-03 2.207235991954803467e-02 1.319596710205078125e+02
-9.724274873733520508e-01 -2.776610851287841797e-02 -7.535004056990146637e-03 2.224061824381351471e-02 1.329596252441406250e+02
-9.813506603240966797e-01 -2.813796326518058777e-02 -6.422973237931728363e-03 2.238405309617519379e-02 1.339595794677734375e+02
-9.891804456710815430e-01 -2.847905270755290985e-02 -5.303770303726196289e-03 2.250208519399166107e-02 1.349595489501953125e+02
-9.959081411361694336e-01 -2.878783643245697021e-02 -4.178666044026613235e-03 2.259506285190582275e-02 1.359595336914062500e+02
-1.001526117324829102e+00 -2.906389161944389343e-02 -3.048912854865193367e-03 2.266305685043334961e-02 1.369595184326171875e+02
-1.006028175354003906e+00 -2.930749021470546722e-02 -1.915759989060461521e-03 2.270578034222126007e-02 1.379595031738281250e+02
-1.009409308433532715e+00 -2.951923012733459473e-02 -7.804709021002054214e-04 2.272254601120948792e-02 1.389595031738281250e+02
-1.011665701866149902e+00 -2.969519421458244324e-02 3.556563751772046089e-04 2.271545864641666412e-02 1.399595031738281250e+02
-1.012794852256774902e+00 -2.984057180583477020e-02 1.491429284214973450e-03 2.268193289637565613e-02 1.409595031738281250e+02
-1.012795448303222656e+00 -2.995230257511138916e-02 2.625525929033756256e-03 2.262297645211219788e-02 1.419595031738281250e+02
-1.011667490005493164e+00 -3.002960793673992157e-02 3.756674937903881073e-03 2.253911457955837250e-02 1.429595031738281250e+02
-1.009412288665771484e+00 -3.007376380264759064e-02 4.883630666881799698e-03 2.242981828749179840e-02 1.439595031738281250e+02
-1.006032347679138184e+00 -3.008280508220195770e-02 6.005121394991874695e-03 2.229632250964641571e-02 1.449595031738281250e+02
-1.001531362533569336e+00 -3.005970269441604614e-02 7.119937799870967865e-03 2.213731594383716583e-02 1.459594879150390625e+02
-9.959144592285156250e-01 -3.000299260020256042e-02 8.226803503930568695e-03 2.195340022444725037e-02 1.469594726562500000e+02
-9.891878366470336914e-01 -2.991109527647495270e-02 9.324473328888416290e-03 2.174584567546844482e-02 1.479594573974609375e+02
-9.813590049743652344e-01 -2.978675253689289093e-02 1.041176542639732361e-02 2.151371911168098450e-02 1.489594268798828125e+02
-9.724366664886474609e-01 -2.963001094758510590e-02 1.148745138198137283e-02 2.125695720314979553e-02 1.499593811035156250e+02
-9.624308943748474121e-01 -2.943835593760013580e-02 1.255029905587434769e-02 2.097728475928306580e-02 1.509593353271484375e+02
-9.513527154922485352e-01 -2.921410091221332550e-02 1.359916292130947113e-02 2.067425288259983063e-02 1.519592742919921875e+02
-9.392145276069641113e-01 -2.895721606910228729e-02 1.463287509977817535e-02 2.034832164645195007e-02 1.529591979980468750e+02
-9.260298609733581543e-01 -2.867031283676624298e-02 1.565029099583625793e-02 1.999825797975063324e-02 1.539591064453125000e+02
-9.118135571479797363e-01 -2.834854274988174438e-02 1.665020361542701721e-02 1.962699927389621735e-02 1.549589996337890625e+02
-8.965813517570495605e-01 -2.799485810101032257e-02 1.763155311346054077e-02 1.923424191772937775e-02 1.559588775634765625e+02
-8.803502321243286133e-01 -2.761022187769412994e-02 1.859326474368572235e-02 1.882022246718406677e-02 1.569587402343750000e+02
-8.631383180618286133e-01 -2.719483338296413422e-02 1.953427493572235107e-02 1.838555186986923218e-02 1.579585876464843750e+02
-8.449647426605224609e-01 -2.675047703087329865e-02 2.045355178415775299e-02 1.792988553643226624e-02 1.589584197998046875e+02
-8.258498907089233398e-01 -2.627390436828136444e-02 2.135004661977291107e-02 1.745585724711418152e-02 1.599582366943359375e+02
-8.058148622512817383e-01 -2.577117457985877991e-02 2.222283929586410522e-02 1.696127466857433319e-02 1.609580383300781250e+02
-7.848820686340332031e-01 -2.523957006633281708e-02 2.307090349495410919e-02 1.644782908260822296e-02 1.619578247070312500e+02
-7.630748748779296875e-01 -2.467930689454078674e-02 2.389329485595226288e-02 1.591642387211322784e-02 1.629575805664062500e+02
-7.404174804687500000e-01 -2.409172244369983673e-02 2.468911558389663696e-02 1.536742970347404480e-02 1.639573211669921875e+02
-7.169350981712341309e-01 -2.347862534224987030e-02 2.545748651027679443e-02 1.480067521333694458e-02 1.649570465087890625e+02
-6.926538944244384766e-01 -2.283739857375621796e-02 2.619752101600170135e-02 1.421858277171850204e-02 1.659567565917968750e+02
-6.676008701324462891e-01 -2.217151224613189697e-02 2.690844982862472534e-02 1.362079102545976639e-02 1.669564361572265625e+02
-6.418038606643676758e-01 -2.148303575813770294e-02 2.758948877453804016e-02 1.300690695643424988e-02 1.679561004638671875e+02
-6.152915954589843750e-01 -2.076778374612331390e-02 2.823983505368232727e-02 1.238028611987829208e-02 1.689557495117187500e+02
-5.880935192108154297e-01 -2.003117278218269348e-02 2.885884977877140045e-02 1.173974294215440750e-02 1.699553833007812500e+02
-5.602397918701171875e-01 -1.927419006824493408e-02 2.944583632051944733e-02 1.108540687710046768e-02 1.709550018310546875e+02
-5.317615270614624023e-01 -1.849541999399662018e-02 3.000010736286640167e-02 1.041889097541570663e-02 1.719545898437500000e+02
-5.026902556419372559e-01 -1.769440062344074249e-02 3.052105195820331573e-02 9.742063470184803009e-03 1.729541625976562500e+02
-4.730582535266876221e-01 -1.687692664563655853e-02 3.100815601646900177e-02 9.053130634129047394e-03 1.739537200927734375e+02
-4.428985118865966797e-01 -1.603898964822292328e-02 3.146081417798995972e-02 8.355102501809597015e-03 1.749532623291015625e+02
-4.122444391250610352e-01 -1.518428325653076172e-02 3.187856823205947876e-02 7.647622376680374146e-03 1.759527893066406250e+02
-3.811300992965698242e-01 -1.431244052946567535e-02 3.226095065474510193e-02 6.932118907570838928e-03 1.769523010253906250e+02
-3.495900034904479980e-01 -1.342530176043510437e-02 3.260755538940429688e-02 6.209044717252254486e-03 1.779517974853515625e+02
-3.176591396331787109e-01 -1.252465881407260895e-02 3.291800618171691895e-02 5.478564184159040451e-03 1.789512939453125000e+02
-2.853729724884033203e-01 -1.160733960568904877e-02 3.319193422794342041e-02 4.743934608995914459e-03 1.799507751464843750e+02
-2.527671754360198975e-01 -1.068050228059291840e-02 3.342913091182708740e-02 4.003053996711969376e-03 1.809502410888671875e+02
-2.198779881000518799e-01 -9.744454175233840942e-03 3.362928330898284912e-02 3.256077412515878677e-03 1.819497070312500000e+02
-1.867419779300689697e-01 -8.792840875685214996e-03 3.379208594560623169e-02 2.507834462448954582e-03 1.829491577148437500e+02
-1.533957123756408691e-01 -7.833836600184440613e-03 3.391747921705245972e-02 1.756194862537086010e-03 1.839486083984375000e+02
-1.198762059211730957e-01 -6.867757067084312439e-03 3.400528803467750549e-02 1.001720083877444267e-03 1.849480438232421875e+02
-8.622065931558609009e-02 -5.893409252166748047e-03 3.405537456274032593e-02 2.461456460878252983e-04 1.859474792480468750e+02
-5.246636644005775452e-02 -4.911336582154035568e-03 3.406768292188644409e-02 -5.091201164759695530e-04 1.869469146728515625e+02
-1.865069940686225891e-02 -3.924770746380090714e-03 3.404222801327705383e-02 -1.264231977984309196e-03 1.879463500976562500e+02
1.518882811069488525e-02 -2.931699389591813087e-03 3.397901728749275208e-02 -2.016537589952349663e-03 1.889457702636718750e+02
4.901480674743652344e-02 -1.941328635439276695e-03 3.387818858027458191e-02 -2.769883489236235619e-03 1.899451904296875000e+02
8.278951048851013184e-02 -9.422743460163474083e-04 3.373969346284866333e-02 -3.517284058034420013e-03 1.909446258544921875e+02
1.164757162332534790e-01 5.403871182352304459e-05 3.356382995843887329e-02 -4.262521862983703613e-03 1.919440612792968750e+02
1.500359475612640381e-01 1.055005588568747044e-03 3.335070237517356873e-02 -5.000352859497070312e-03 1.929434967041015625e+02
1.834331899881362915e-01 2.048957627266645432e-03 3.310068324208259583e-02 -5.735287908464670181e-03 1.939429321289062500e+02
2.166302204132080078e-01 3.042665775865316391e-03 3.281391784548759460e-02 -6.463394500315189362e-03 1.949423828125000000e+02
2.495903074741363525e-01 4.034734796732664108e-03 3.249074891209602356e-02 -7.183404639363288879e-03 1.959418334960937500e+02
2.822769880294799805e-01 5.020488984882831573e-03 3.213157877326011658e-02 -7.896301336586475372e-03 1.969412994384765625e+02
3.146539330482482910e-01 6.000579334795475006e-03 3.173676505684852600e-02 -8.600862696766853333e-03 1.979407806396484375e+02
3.466852605342864990e-01 6.975512951612472534e-03 3.130672127008438110e-02 -9.295379742980003357e-03 1.989402618408203125e+02
3.783354759216308594e-01 7.941693067550659180e-03 3.084195218980312347e-02 -9.980333037674427032e-03 1.999397583007812500e+02
4.095694422721862793e-01 8.900576271116733551e-03 3.034293465316295624e-02 -1.065373141318559647e-02 2.009392700195312500e+02
4.403525590896606445e-01 9.848732501268386841e-03 2.981024794280529022e-02 -1.131598185747861862e-02 2.019387969970703125e+02
4.706506133079528809e-01 1.078687049448490143e-02 2.924444898962974548e-02 -1.196559891104698181e-02 2.029383392333984375e+02
5.004299879074096680e-01 1.171408593654632568e-02 2.864616923034191132e-02 -1.260154135525226593e-02 2.039378967285156250e+02
5.296577215194702148e-01 1.262709684669971466e-02 2.801609225571155548e-02 -1.322433352470397949e-02 2.049374694824218750e+02
5.583012700080871582e-01 1.352640241384506226e-02 2.735487557947635651e-02 -1.383285876363515854e-02 2.059370574951171875e+02
5.863288044929504395e-01 1.441197376698255539e-02 2.666323259472846985e-02 -1.442586258053779602e-02 2.069366607666015625e+02
6.137092113494873047e-01 1.528305839747190475e-02 2.594194002449512482e-02 -1.500217616558074951e-02 2.079362792968750000e+02
6.404121518135070801e-01 1.613529585301876068e-02 2.519183047115802765e-02 -1.556297671049833298e-02 2.089359283447265625e+02
6.664078235626220703e-01 1.697274111211299896e-02 2.441368252038955688e-02 -1.610503159463405609e-02 2.099355926513671875e+02
6.916674375534057617e-01 1.778899505734443665e-02 2.360843122005462646e-02 -1.663032546639442444e-02 2.109352722167968750e+02
7.161628603935241699e-01 1.858624443411827087e-02 2.277691476047039032e-02 -1.713712699711322784e-02 2.119349670410156250e+02
7.398668527603149414e-01 1.936266757547855377e-02 2.192005887627601624e-02 -1.762536540627479553e-02 2.129346923828125000e+02
7.627530694007873535e-01 2.011940442025661469e-02 2.103879116475582123e-02 -1.809332706034183502e-02 2.139344329833984375e+02
7.847960591316223145e-01 2.085301838815212250e-02 2.013412490487098694e-02 -1.854164525866508484e-02 2.149341888427734375e+02
8.059712648391723633e-01 2.156344987452030182e-02 1.920704171061515808e-02 -1.896967366337776184e-02 2.159339599609375000e+02
8.262550830841064453e-01 2.224989794194698334e-02 1.825855858623981476e-02 -1.937707513570785522e-02 2.169337615966796875e+02
8.456249237060546875e-01 2.291365154087543488e-02 1.728970557451248169e-02 -1.976212672889232635e-02 2.179335784912109375e+02
8.640592694282531738e-01 2.355144917964935303e-02 1.630159839987754822e-02 -2.012539282441139221e-02 2.189334106445312500e+02
8.815375566482543945e-01 2.416266128420829773e-02 1.529532857239246368e-02 -2.046661637723445892e-02 2.199332580566406250e+02
8.980402946472167969e-01 2.474851161241531372e-02 1.427199784666299820e-02 -2.078429423272609711e-02 2.209331207275390625e+02
9.135491251945495605e-01 2.530527301132678986e-02 1.323278341442346573e-02 -2.107959054410457611e-02 2.219329986572265625e+02
9.280467033386230469e-01 2.583487145602703094e-02 1.217880379408597946e-02 -2.135103195905685425e-02 2.229328918457031250e+02
9.415168762207031250e-01 2.633501216769218445e-02 1.111125200986862183e-02 -2.159911766648292542e-02 2.239328002929687500e+02
9.539445638656616211e-01 2.680667676031589508e-02 1.003129594027996063e-02 -2.182280085980892181e-02 2.249327239990234375e+02
9.653159379959106445e-01 2.724906802177429199e-02 8.940155617892742157e-03 -2.202166803181171417e-02 2.259326629638671875e+02
9.756183624267578125e-01 2.765973657369613647e-02 7.839072495698928833e-03 -2.219653129577636719e-02 2.269326171875000000e+02
9.848402738571166992e-01 2.804023586213588715e-02 6.729246117174625397e-03 -2.234629169106483459e-02 2.279325714111328125e+02
9.929714202880859375e-01 2.838868089020252228e-02 5.611931439489126205e-03 -2.247148938477039337e-02 2.289325408935546875e+02
1.000002741813659668e+00 2.870622277259826660e-02 4.488356877118349075e-03 -2.257119491696357727e-02 2.299325103759765625e+02
1.005926370620727539e+00 2.898928895592689514e-02 3.359796945005655289e-03 -2.264719270169734955e-02 2.309324951171875000e+02
1.010735630989074707e+00 2.924355119466781616e-02 2.227437216788530350e-03 -2.269627153873443604e-02 2.319324798583984375e+02
1.014425277709960938e+00 2.946243807673454285e-02 1.092623570002615452e-03 -2.272129431366920471e-02 2.329324798583984375e+02
1.016991019248962402e+00 2.965033054351806641e-02 -4.344119224697351456e-05 -2.272007055580615997e-02 2.339324798583984375e+02
1.018430113792419434e+00 2.980441972613334656e-02 -1.179444720037281513e-03 -2.269360609352588654e-02 2.349324798583984375e+02
1.018740892410278320e+00 2.992447838187217712e-02 -2.314125187695026398e-03 -2.264214679598808289e-02 2.359324798583984375e+02
1.017922997474670410e+00 3.001189045608043671e-02 -3.446232527494430542e-03 -2.256494946777820587e-02 2.369324798583984375e+02
1.015977382659912109e+00 3.006494604051113129e-02 -4.574480000883340836e-03 -2.246283739805221558e-02 2.379324798583984375e+02
1.012906193733215332e+00 3.008428774774074554e-02 -5.697621963918209076e-03 -2.233569696545600891e-02 2.389324798583984375e+02
1.008712768554687500e+00 3.007014095783233643e-02 -6.814406719058752060e-03 -2.218351140618324280e-02 2.399324645996093750e+02
1.003401875495910645e+00 3.002278320491313934e-02 -7.923582568764686584e-03 -2.200615406036376953e-02 2.409324493408203125e+02
9.969794750213623047e-01 2.994038723409175873e-02 -9.023889899253845215e-03 -2.180488035082817078e-02 2.419324340820312500e+02
9.894526600837707520e-01 2.982466667890548706e-02 -1.011413428932428360e-02 -2.157935313880443573e-02 2.429324035644531250e+02
9.808298349380493164e-01 2.967700920999050140e-02 -1.119310222566127777e-02 -2.132889442145824432e-02 2.439323730468750000e+02
9.711207151412963867e-01 2.949308417737483978e-02 -1.225954666733741760e-02 -2.105629071593284607e-02 2.449323272705078125e+02
9.603360295295715332e-01 2.927802689373493195e-02 -1.331236120313405991e-02 -2.075971476733684540e-02 2.459322662353515625e+02
9.484878182411193848e-01 2.903140150010585785e-02 -1.435034722089767456e-02 -2.043931744992733002e-02 2.469321899414062500e+02
9.355893731117248535e-01 2.875097282230854034e-02 -1.537231355905532837e-02 -2.009669877588748932e-02 2.479321136474609375e+02
9.216550588607788086e-01 2.843739278614521027e-02 -1.637714914977550507e-02 -1.973254419863224030e-02 2.489320220947265625e+02
9.067003130912780762e-01 2.809470891952514648e-02 -1.736377552151679993e-02 -1.934521645307540894e-02 2.499319152832031250e+02
8.907419443130493164e-01 2.771843969821929932e-02 -1.833103597164154053e-02 -1.893749274313449860e-02 2.509317932128906250e+02
8.737975955009460449e-01 2.731312997639179230e-02 -1.927790977060794830e-02 -1.850789040327072144e-02 2.519316558837890625e+02
8.558862805366516113e-01 2.687632106244564056e-02 -2.020330354571342468e-02 -1.805820129811763763e-02 2.529315032958984375e+02
8.370279073715209961e-01 2.641000226140022278e-02 -2.110621333122253418e-02 -1.758831739425659180e-02 2.539313201904296875e+02
8.172434568405151367e-01 2.591525018215179443e-02 -2.198562957346439362e-02 -1.709824241697788239e-02 2.549311218261718750e+02
7.965550422668457031e-01 2.538910694420337677e-02 -2.284054085612297058e-02 -1.659054867923259735e-02 2.559309082031250000e+02
7.749856114387512207e-01 2.483688108623027802e-02 -2.367006801068782806e-02 -1.606361940503120422e-02 2.569306640625000000e+02
7.525592446327209473e-01 2.425812743604183197e-02 -2.447324991226196289e-02 -1.551798172295093536e-02 2.579304199218750000e+02
7.293009757995605469e-01 2.364789135754108429e-02 -2.524914965033531189e-02 -1.495764870196580887e-02 2.589301452636718750e+02
7.052365541458129883e-01 2.301468886435031891e-02 -2.599703148007392883e-02 -1.437977608293294907e-02 2.599298706054687500e+02
6.803928017616271973e-01 2.235520258545875549e-02 -2.671601995825767517e-02 -1.378670241683721542e-02 2.609295654296875000e+02
6.547973155975341797e-01 2.167196944355964661e-02 -2.740535512566566467e-02 -1.317829638719558716e-02 2.619292297363281250e+02
6.284785866737365723e-01 2.096633799374103546e-02 -2.806426957249641418e-02 -1.255456637591123581e-02 2.629288940429687500e+02
6.014658808708190918e-01 2.023816108703613281e-02 -2.869199775159358978e-02 -1.191622577607631683e-02 2.639285278320312500e+02
5.737892985343933105e-01 1.948454603552818298e-02 -2.928780950605869293e-02 -1.126622222363948822e-02 2.649281311035156250e+02
5.454794764518737793e-01 1.871136575937271118e-02 -2.985111996531486511e-02 -1.060306560248136520e-02 2.659277343750000000e+02
5.165679454803466797e-01 1.791784539818763733e-02 -3.038127347826957703e-02 -9.927932173013687134e-03 2.669273071289062500e+02
4.870868325233459473e-01 1.710296422243118286e-02 -3.087767027318477631e-02 -9.242776781320571899e-03 2.679268798828125000e+02
4.570688009262084961e-01 1.626778952777385712e-02 -3.133980929851531982e-02 -8.549013175070285797e-03 2.689264221191406250e+02
4.265471100807189941e-01 1.542137376964092255e-02 -3.176726028323173523e-02 -7.842621766030788422e-03 2.699259643554687500e+02
3.955558836460113525e-01 1.455148588865995407e-02 -3.215939179062843323e-02 -7.130888290703296661e-03 2.709254760742187500e+02
3.641292452812194824e-01 1.367181818932294846e-02 -3.251593559980392456e-02 -6.408457644283771515e-03 2.719249877929687500e+02
3.323022723197937012e-01 1.277121249586343765e-02 -3.283635899424552917e-02 -5.682139191776514053e-03 2.729244689941406250e+02
3.001100420951843262e-01 1.186534296721220016e-02 -3.312046453356742859e-02 -4.945011343806982040e-03 2.739239501953125000e+02
2.675885856151580811e-01 1.093972939997911453e-02 -3.336771577596664429e-02 -4.205014556646347046e-03 2.749234313964843750e+02
2.347737401723861694e-01 9.999960660934448242e-03 -3.357796743512153625e-02 -3.462388413026928902e-03 2.759228820800781250e+02
2.017017900943756104e-01 9.056646376848220825e-03 -3.375108540058135986e-02 -2.712451620027422905e-03 2.769223327636718750e+02
1.684096902608871460e-01 8.096965961158275604e-03 -3.388670831918716431e-02 -1.962713198736310005e-03 2.779217834472656250e+02
1.349340826272964478e-01 7.133295293897390366e-03 -3.398484364151954651e-02 -1.208781264722347260e-03 2.789212341308593750e+02
1.013122349977493286e-01 6.160460412502288818e-03 -3.404528275132179260e-02 -4.539362853392958641e-04 2.799206542968750000e+02
6.758137047290802002e-02 5.180260632187128067e-03 -3.406798094511032104e-02 3.010026412084698677e-04 2.809200744628906250e+02
3.377884253859519958e-02 4.197724163532257080e-03 -3.405293077230453491e-02 1.057690707966685295e-03 2.819194946289062500e+02
-5.774199962615966797e-05 3.207649104297161102e-03 -3.400004655122756958e-02 1.812431961297988892e-03 2.829189147949218750e+02
-3.389095142483711243e-02 2.212770748883485794e-03 -3.390942513942718506e-02 2.564525697380304337e-03 2.839183349609375000e+02
-6.768330931663513184e-02 1.213624025695025921e-03 -3.378120064735412598e-02 3.312191925942897797e-03 2.849177551269531250e+02
-1.013974398374557495e-01 2.175294794142246246e-04 -3.361559286713600159e-02 4.057980608195066452e-03 2.859171752929687500e+02
-1.349958330392837524e-01 -7.794757839292287827e-04 -3.341269493103027344e-02 4.799249581992626190e-03 2.869166259765625000e+02
-1.684412658214569092e-01 -1.778723089955747128e-03 -3.317273408174514771e-02 5.533286370337009430e-03 2.879160766601562500e+02
-2.016968131065368652e-01 -2.774601336568593979e-03 -3.289606794714927673e-02 6.261012051254510880e-03 2.889155273437500000e+02
-2.347256094217300415e-01 -3.763483371585607529e-03 -3.258301690220832825e-02 6.983725819736719131e-03 2.899149780273437500e+02
-2.674909234046936035e-01 -4.746656864881515503e-03 -3.223383054137229919e-02 7.700646296143531799e-03 2.909144287109375000e+02
-2.999563813209533691e-01 -5.730644799768924713e-03 -3.184879943728446960e-02 8.406693115830421448e-03 2.919139099121093750e+02
-3.320861756801605225e-01 -6.705134641379117966e-03 -3.142846375703811646e-02 9.105249308049678802e-03 2.929133911132812500e+02
-3.638445436954498291e-01 -7.675849832594394684e-03 -3.097320161759853363e-02 9.792210534214973450e-03 2.939128723144531250e+02
-3.951964080333709717e-01 -8.634022437036037445e-03 -3.048359043896198273e-02 1.047082152217626572e-02 2.949123840332031250e+02
-4.261067807674407959e-01 -9.586556814610958099e-03 -2.996004931628704071e-02 1.113664731383323669e-02 2.959118957519531250e+02
-4.565414786338806152e-01 -1.053012348711490631e-02 -2.940321713685989380e-02 1.178917009383440018e-02 2.969114379882812500e+02
-4.864667356014251709e-01 -1.145920064300298691e-02 -2.881375886499881744e-02 1.243011374026536942e-02 2.979109802246093750e+02
-5.158492326736450195e-01 -1.237944234162569046e-02 -2.819225378334522247e-02 1.305532734841108322e-02 2.989105529785156250e+02
-5.446564555168151855e-01 -1.328387856483459473e-02 -2.753948792815208435e-02 1.366669498383998871e-02 2.999101257324218750e+02
-5.728564262390136719e-01 -1.417162548750638962e-02 -2.685615234076976776e-02 1.426425483077764511e-02 3.009097290039062500e+02
-6.004176735877990723e-01 -1.504686940461397171e-02 -2.614293992519378662e-02 1.484470441937446594e-02 3.019093627929687500e+02
-6.273097395896911621e-01 -1.590576954185962677e-02 -2.540070563554763794e-02 1.540819462388753891e-02 3.029089965820312500e+02
-6.535027623176574707e-01 -1.674169860780239105e-02 -2.463029511272907257e-02 1.595789380371570587e-02 3.039086608886718750e+02
-6.789674162864685059e-01 -1.756562292575836182e-02 -2.383240126073360443e-02 1.648734696209430695e-02 3.049083251953125000e+02
-7.036755681037902832e-01 -1.836781390011310577e-02 -2.300803363323211670e-02 1.699965260922908783e-02 3.059080200195312500e+02
-7.275997400283813477e-01 -1.915104873478412628e-02 -2.215805090963840485e-02 1.749266497790813446e-02 3.069077453613281250e+02
-7.507132887840270996e-01 -1.991316303610801697e-02 -2.128341794013977051e-02 1.796627230942249298e-02 3.079074707031250000e+02
-7.729905247688293457e-01 -2.065162733197212219e-02 -2.038510516285896301e-02 1.842113025486469269e-02 3.089072265625000000e+02
-7.944065928459167480e-01 -2.137055248022079468e-02 -1.946404948830604553e-02 1.885409466922283173e-02 3.099069824218750000e+02
-8.149377107620239258e-01 -2.206290140748023987e-02 -1.852134428918361664e-02 1.926774159073829651e-02 3.109067687988281250e+02
-8.345609307289123535e-01 -2.273287251591682434e-02 -1.755795627832412720e-02 1.965942047536373138e-02 3.119065856933593750e+02
-8.532544374465942383e-01 -2.337955683469772339e-02 -1.657498441636562347e-02 2.002807892858982086e-02 3.129064025878906250e+02
-8.709974884986877441e-01 -2.399798296391963959e-02 -1.557358074933290482e-02 2.037540636956691742e-02 3.139062500000000000e+02
-8.877701759338378906e-01 -2.459047175943851471e-02 -1.455481071025133133e-02 2.069981209933757782e-02 3.149060974121093750e+02
-9.035538434982299805e-01 -2.515594288706779480e-02 -1.351981982588768005e-02 2.100095339119434357e-02 3.159059753417968750e+02
-9.183309078216552734e-01 -2.569384127855300903e-02 -1.246977224946022034e-02 2.127826772630214691e-02 3.169058532714843750e+02
-9.320849776268005371e-01 -2.620190009474754333e-02 -1.140585914254188538e-02 2.153235487639904022e-02 3.179057617187500000e+02
-9.448006153106689453e-01 -2.667976170778274536e-02 -1.032924093306064606e-02 2.176325768232345581e-02 3.189056701660156250e+02
-9.564635753631591797e-01 -2.713076770305633545e-02 -9.241078048944473267e-03 2.196850627660751343e-02 3.199056091308593750e+02
-9.670609831809997559e-01 -2.754890732467174530e-02 -8.142652921378612518e-03 2.215051092207431793e-02 3.209055480957031250e+02
-9.765809178352355957e-01 -2.793704345822334290e-02 -7.035127375274896622e-03 2.230780571699142456e-02 3.219055175781250000e+02
-9.850128293037414551e-01 -2.829531393945217133e-02 -5.919736810028553009e-03 2.243959717452526093e-02 3.229054870605468750e+02
-9.923473000526428223e-01 -2.862109616398811340e-02 -4.797756671905517578e-03 2.254672907292842865e-02 3.239054565429687500e+02
-9.985761046409606934e-01 -2.891531586647033691e-02 -3.670420031994581223e-03 2.262850850820541382e-02 3.249054260253906250e+02
-1.003692269325256348e+00 -2.917615324258804321e-02 -2.538994420319795609e-03 2.268569916486740112e-02 3.259054260253906250e+02
-1.007690072059631348e+00 -2.940542995929718018e-02 -1.404709415510296822e-03 2.271722070872783661e-02 3.269054260253906250e+02
-1.010565042495727539e+00 -2.960239909589290619e-02 -2.688483800739049911e-04 2.272296696901321411e-02 3.279054260253906250e+02
-1.012313961982727051e+00 -2.976463548839092255e-02 8.672999683767557144e-04 2.270416356623172760e-02 3.289054260253906250e+02
-1.012934923171997070e+00 -2.989658899605274200e-02 2.002508146688342094e-03 2.265824005007743835e-02 3.299054260253906250e+02
-1.012427210807800293e+00 -2.999121136963367462e-02 3.135420149192214012e-03 2.258870750665664673e-02 3.309054260253906250e+02
-1.010791301727294922e+00 -3.005373664200305939e-02 4.264855757355690002e-03 2.249342761933803558e-02 3.319054260253906250e+02
-1.008029103279113770e+00 -3.008243069052696228e-02 5.389527417719364166e-03 2.237310260534286499e-02 3.329054260253906250e+02
-1.004143714904785156e+00 -3.007779642939567566e-02 6.508182734251022339e-03 2.222753316164016724e-02 3.339054260253906250e+02
-9.991394281387329102e-01 -3.003925830125808716e-02 7.619559299200773239e-03 2.205709181725978851e-02 3.349054260253906250e+02
-9.930218458175659180e-01 -2.996475435793399811e-02 8.722414262592792511e-03 2.186347916722297668e-02 3.359053955078125000e+02
-9.857977032661437988e-01 -2.986048348248004913e-02 9.815588593482971191e-03 2.164368145167827606e-02 3.369053649902343750e+02
-9.774752259254455566e-01 -2.972007915377616882e-02 1.089777238667011261e-02 2.140091918408870697e-02 3.379053344726562500e+02
-9.680635929107666016e-01 -2.954827994108200073e-02 1.196781825274229050e-02 2.113332599401473999e-02 3.389053039550781250e+02
-9.575733542442321777e-01 -2.934000454843044281e-02 1.302448473870754242e-02 2.084410935640335083e-02 3.399052429199218750e+02
-9.460161328315734863e-01 -2.910342253744602203e-02 1.406669057905673981e-02 2.052953839302062988e-02 3.409051818847656250e+02
-9.334049224853515625e-01 -2.883189916610717773e-02 1.509316731244325638e-02 2.019293978810310364e-02 3.419050903320312500e+02
-9.197537302970886230e-01 -2.852733805775642395e-02 1.610281504690647125e-02 1.983448117971420288e-02 3.429049987792968750e+02
-9.050778150558471680e-01 -2.819275856018066406e-02 1.709453947842121124e-02 1.945310644805431366e-02 3.439049072265625000e+02
-8.893935680389404297e-01 -2.782508358359336853e-02 1.806719414889812469e-02 1.905092410743236542e-02 3.449047851562500000e+02
-8.727183938026428223e-01 -2.742473781108856201e-02 1.901973970234394073e-02 1.862909831106662750e-02 3.459046325683593750e+02
-8.550707697868347168e-01 -2.700079977512359619e-02 1.995119452476501465e-02 1.818297058343887329e-02 3.469044799804687500e+02
-8.364706635475158691e-01 -2.654166147112846375e-02 2.086034230887889862e-02 1.771854981780052185e-02 3.479042968750000000e+02
-8.169386386871337891e-01 -2.605378627777099609e-02 2.174627035856246948e-02 1.723415032029151917e-02 3.489041137695312500e+02
-7.964964509010314941e-01 -2.553534694015979767e-02 2.260797843337059021e-02 1.673169992864131927e-02 3.499039001464843750e+02
-7.751668691635131836e-01 -2.499171346426010132e-02 2.344456315040588379e-02 1.620917953550815582e-02 3.509036865234375000e+02
-7.529736757278442383e-01 -2.441518381237983704e-02 2.425502240657806396e-02 1.567171886563301086e-02 3.519034423828125000e+02
-7.299414277076721191e-01 -2.381774783134460449e-02 2.503860741853713989e-02 1.511430367827415466e-02 3.529031677246093750e+02
-7.060959339141845703e-01 -2.319227717816829681e-02 2.579432353377342224e-02 1.454059779644012451e-02 3.539028930664062500e+02
-6.814637184143066406e-01 -2.253969945013523102e-02 2.652135305106639862e-02 1.395168341696262360e-02 3.549025878906250000e+02
-6.560720801353454590e-01 -2.186333760619163513e-02 2.721893787384033203e-02 1.334708184003829956e-02 3.559022521972656250e+02
-6.299492716789245605e-01 -2.116450853645801544e-02 2.788629196584224701e-02 1.272670645266771317e-02 3.569019165039062500e+02
-6.031243801116943359e-01 -2.043905667960643768e-02 2.852262742817401886e-02 1.209397334605455399e-02 3.579015502929687500e+02
-5.756271481513977051e-01 -1.969403587281703949e-02 2.912732586264610291e-02 1.144662965089082718e-02 3.589011840820312500e+02
-5.474882125854492188e-01 -1.892721094191074371e-02 2.969965711236000061e-02 1.078637968748807907e-02 3.599007873535156250e+02
-5.187388658523559570e-01 -1.813760772347450256e-02 3.023897670209407806e-02 1.011520717293024063e-02 3.609003601074218750e+02
-4.894109666347503662e-01 -1.732873171567916870e-02 3.074473701417446136e-02 9.432861581444740295e-03 3.618999328613281250e+02
-4.595370888710021973e-01 -1.650238968431949615e-02 3.121637925505638123e-02 8.739297278225421906e-03 3.628994750976562500e+02
-4.291504919528961182e-01 -1.565570570528507233e-02 3.165334463119506836e-02 8.037293329834938049e-03 3.638990173339843750e+02
-3.982848227024078369e-01 -1.479410752654075623e-02 3.205521032214164734e-02 7.325462065637111664e-03 3.648985290527343750e+02
-3.669744133949279785e-01 -1.391421444714069366e-02 3.242148458957672119e-02 6.606748327612876892e-03 3.658980407714843750e+02
-3.352539539337158203e-01 -1.302067283540964127e-02 3.275182098150253296e-02 5.880315322428941727e-03 3.668975524902343750e+02
-3.031586706638336182e-01 -1.210866868495941162e-02 3.304583579301834106e-02 5.150512326508760452e-03 3.678970336914062500e+02
-2.707239389419555664e-01 -1.119276788085699081e-02 3.330336138606071472e-02 4.410735331475734711e-03 3.688965148925781250e+02
-2.379860579967498779e-01 -1.026102155447006226e-02 3.352389857172966003e-02 3.667063312605023384e-03 3.698959655761718750e+02
-2.049811929464340210e-01 -9.316615760326385498e-03 3.370724990963935852e-02 2.920066472142934799e-03 3.708954162597656250e+02
-1.717458963394165039e-01 -8.365169167518615723e-03 3.385325148701667786e-02 2.167961560189723969e-03 3.718948669433593750e+02
-1.383171379566192627e-01 -7.401457987725734711e-03 3.396164998412132263e-02 1.414549769833683968e-03 3.728943176269531250e+02
-1.047318726778030396e-01 -6.425473373383283615e-03 3.403237834572792053e-02 6.626046379096806049e-04 3.738937683105468750e+02
-7.102714478969573975e-02 -5.448815878480672836e-03 3.406550735235214233e-02 -9.235594188794493675e-05 3.748931884765625000e+02
-3.724050894379615784e-02 -4.469803068786859512e-03 3.406088799238204956e-02 -8.499842369928956032e-04 3.758926086425781250e+02
-3.409564495086669922e-03 -3.477575024589896202e-03 3.401838988065719604e-02 -1.602896023541688919e-03 3.768920288085937500e+02
3.042848780751228333e-02 -2.487799152731895447e-03 3.393824398517608643e-02 -2.357101533561944962e-03 3.778914489746093750e+02
6.423589587211608887e-02 -1.492236391641199589e-03 3.382039070129394531e-02 -3.107857424765825272e-03 3.788908691406250000e+02
9.797526895999908447e-02 -4.947322886437177658e-04 3.366499766707420349e-02 -3.855195827782154083e-03 3.798902893066406250e+02
1.316091865301132202e-01 5.076393717899918556e-04 3.347223624587059021e-02 -4.595380276441574097e-03 3.808897094726562500e+02
1.651005446910858154e-01 1.501748338341712952e-03 3.324246779084205627e-02 -5.333983805030584335e-03 3.818891601562500000e+02
1.984119415283203125e-01 2.499540802091360092e-03 3.297576680779457092e-02 -6.064188666641712189e-03 3.828886108398437500e+02
2.315066456794738770e-01 3.494884353131055832e-03 3.267255797982215881e-02 -6.786512676626443863e-03 3.838880615234375000e+02
2.643480300903320312e-01 4.480241797864437103e-03 3.233323246240615845e-02 -7.504244800657033920e-03 3.848875122070312500e+02
2.968995273113250732e-01 5.461269989609718323e-03 3.195802122354507446e-02 -8.214439265429973602e-03 3.858869934082031250e+02
3.291250467300415039e-01 6.443138699978590012e-03 3.154730051755905151e-02 -8.912019431591033936e-03 3.868864746093750000e+02
3.609890937805175781e-01 7.409215904772281647e-03 3.110169991850852966e-02 -9.604233317077159882e-03 3.878859558105468750e+02
3.924560546875000000e-01 8.372961543500423431e-03 3.062148764729499817e-02 -1.028387527912855148e-02 3.888854675292968750e+02
4.234912097454071045e-01 9.325623512268066406e-03 3.010729327797889709e-02 -1.095347292721271515e-02 3.898849792480468750e+02
4.540600180625915527e-01 1.026880554854869843e-02 2.955961972475051880e-02 -1.161137409508228302e-02 3.908845214843750000e+02
4.841285347938537598e-01 1.120584551244974136e-02 2.897905185818672180e-02 -1.225372683256864548e-02 3.918840637207031250e+02
5.136635899543762207e-01 1.212662179023027420e-02 2.836636640131473541e-02 -1.288399938493967056e-02 3.928836364746093750e+02
5.426322221755981445e-01 1.303380075842142105e-02 2.772216685116291046e-02 -1.350044645369052887e-02 3.938832092285156250e+02
5.710023045539855957e-01 1.392728928476572037e-02 2.704714424908161163e-02 -1.410198025405406952e-02 3.948828125000000000e+02
5.987422466278076172e-01 1.480618491768836975e-02 2.634204551577568054e-02 -1.468773745000362396e-02 3.958824157714843750e+02
6.258212924003601074e-01 1.566928625106811523e-02 2.560765855014324188e-02 -1.525700464844703674e-02 3.968820495605468750e+02
6.522093415260314941e-01 1.651501655578613281e-02 2.484480850398540497e-02 -1.580939441919326782e-02 3.978817138671875000e+02
6.778770685195922852e-01 1.734391227364540100e-02 2.405433915555477142e-02 -1.634331233799457550e-02 3.988813781738281250e+02
7.027960419654846191e-01 1.814892143011093140e-02 2.323717437684535980e-02 -1.686183176934719086e-02 3.998810729980468750e+02
7.269383072853088379e-01 1.893874630331993103e-02 2.239408344030380249e-02 -1.735977828502655029e-02 4.008807678222656250e+02
7.502772212028503418e-01 1.970604434609413147e-02 2.152609452605247498e-02 -1.783928088843822479e-02 4.018804931640625000e+02
7.727867364883422852e-01 2.045285142958164215e-02 2.063412964344024658e-02 -1.829846762120723724e-02 4.028802490234375000e+02
7.944418191909790039e-01 2.117742039263248444e-02 1.971920579671859741e-02 -1.873697154223918915e-02 4.038800048828125000e+02
8.152183890342712402e-01 2.187608741223812103e-02 1.878235675394535065e-02 -1.915610954165458679e-02 4.048797912597656250e+02
8.350932598114013672e-01 2.255377732217311859e-02 1.782455109059810638e-02 -1.955251954495906830e-02 4.058796081542968750e+02
8.540443778038024902e-01 2.320435456931591034e-02 1.684692502021789551e-02 -1.992821879684925079e-02 4.068794250488281250e+02
8.720505833625793457e-01 2.383048832416534424e-02 1.585051417350769043e-02 -2.028129249811172485e-02 4.078792724609375000e+02
8.890917897224426270e-01 2.443070709705352783e-02 1.483644917607307434e-02 -2.061139047145843506e-02 4.088791198730468750e+02
9.051491022109985352e-01 2.500184997916221619e-02 1.380587927997112274e-02 -2.091961540281772614e-02 4.098789978027343750e+02
9.202045202255249023e-01 2.554649487137794495e-02 1.275989878922700882e-02 -2.120420895516872406e-02 4.108788757324218750e+02
9.342412948608398438e-01 2.606209740042686462e-02 1.169968862086534500e-02 -2.146575786173343658e-02 4.118787841796875000e+02
9.472437500953674316e-01 2.655110880732536316e-02 1.062640082091093063e-02 -2.170216850936412811e-02 4.128786926269531250e+02
9.591974020004272461e-01 2.700726129114627838e-02 9.541292674839496613e-03 -2.191616222262382507e-02 4.138786315917968750e+02
9.700888395309448242e-01 2.743707597255706787e-02 8.445484563708305359e-03 -2.210396900773048401e-02 4.148785705566406250e+02
9.799060225486755371e-01 2.783516049385070801e-02 7.340285927057266235e-03 -2.226724475622177124e-02 4.158785095214843750e+02
9.886379837989807129e-01 2.820091880857944489e-02 6.226923782378435135e-03 -2.240622974932193756e-02 4.168784790039062500e+02
9.962748885154724121e-01 2.853509970009326935e-02 5.106612108647823334e-03 -2.252043783664703369e-02 4.178784484863281250e+02
1.002808213233947754e+00 2.883815951645374298e-02 3.980590030550956726e-03 -2.260923385620117188e-02 4.188784179687500000e+02
1.008230686187744141e+00 2.910923957824707031e-02 2.850128337740898132e-03 -2.267256379127502441e-02 4.198784179687500000e+02
1.012536287307739258e+00 2.934785559773445129e-02 1.716500148177146912e-03 -2.271031960844993591e-02 4.208784179687500000e+02
1.015720129013061523e+00 2.955207042396068573e-02 5.809841677546501160e-04 -2.272349596023559570e-02 4.218784179687500000e+02
1.017778754234313965e+00 2.972388826310634613e-02 -5.551906069740653038e-04 -2.271115221083164215e-02 4.228784179687500000e+02
1.018709778785705566e+00 2.986276336014270782e-02 -1.690748264081776142e-03 -2.267330698668956757e-02 4.238784179687500000e+02
1.018512129783630371e+00 2.996816299855709076e-02 -2.824413590133190155e-03 -2.261010557413101196e-02 4.248784179687500000e+02
1.017186164855957031e+00 3.003989160060882568e-02 -3.954919055104255676e-03 -2.252165228128433228e-02 4.258784179687500000e+02
1.014733195304870605e+00 3.007756173610687256e-02 -5.081001669168472290e-03 -2.240827120840549469e-02 4.268784179687500000e+02
1.011156082153320312e+00 3.008161298930644989e-02 -6.201415322721004486e-03 -2.226991206407546997e-02 4.278784179687500000e+02
1.006458759307861328e+00 3.005258180201053619e-02 -7.314911112189292908e-03 -2.210632711648941040e-02 4.288784179687500000e+02
1.000646471977233887e+00 2.998730726540088654e-02 -8.420227095484733582e-03 -2.191965840756893158e-02 4.298783874511718750e+02
9.937256574630737305e-01 2.989367768168449402e-02 -9.516210295259952545e-03 -2.170580066740512848e-02 4.308783569335937500e+02
9.857041835784912109e-01 2.976092509925365448e-02 -1.060150004923343658e-02 -2.147037163376808167e-02 4.318783264160156250e+02
9.765908718109130859e-01 2.959841117262840271e-02 -1.167501881718635559e-02 -2.120948955416679382e-02 4.328782958984375000e+02
9.663959145545959473e-01 2.940050512552261353e-02 -1.273549348115921021e-02 -2.092611603438854218e-02 4.338782348632812500e+02
9.551306962966918945e-01 2.917194738984107971e-02 -1.378179900348186493e-02 -2.061836235225200653e-02 4.348781738281250000e+02
9.428077936172485352e-01 2.890893071889877319e-02 -1.481271721422672272e-02 -2.028849720954895020e-02 4.358781127929687500e+02
9.294409155845642090e-01 2.861398458480834961e-02 -1.582714170217514038e-02 -1.993609033524990082e-02 4.368780212402343750e+02
9.150449633598327637e-01 2.828983776271343231e-02 -1.682394556701183319e-02 -1.955977082252502441e-02 4.378779296875000000e+02
8.996360898017883301e-01 2.792824245989322662e-02 -1.780193485319614410e-02 -1.916474290192127228e-02 4.388778076171875000e+02
8.832312822341918945e-01 2.754059433937072754e-02 -1.876017265021800995e-02 -1.874626614153385162e-02 4.398776855468750000e+02
8.658490180969238281e-01 2.712086960673332214e-02 -1.969748549163341522e-02 -1.830733008682727814e-02 4.408775329589843750e+02
8.475086092948913574e-01 2.667042613029479980e-02 -2.061285264790058136e-02 -1.784829981625080109e-02 4.418773803710937500e+02
8.282304406166076660e-01 2.618790790438652039e-02 -2.150526829063892365e-02 -1.737123727798461914e-02 4.428771972656250000e+02
8.080359101295471191e-01 2.568154782056808472e-02 -2.237383089959621429e-02 -1.687249168753623962e-02 4.438769836425781250e+02
7.869477272033691406e-01 2.514585666358470917e-02 -2.321745455265045166e-02 -1.635472662746906281e-02 4.448767700195312500e+02
7.649893164634704590e-01 2.457937039434909821e-02 -2.403519116342067719e-02 -1.582009717822074890e-02 4.458765258789062500e+02
7.421850562095642090e-01 2.398581616580486298e-02 -2.482619509100914001e-02 -1.526822056621313095e-02 4.468762817382812500e+02
7.185603380203247070e-01 2.336540073156356812e-02 -2.558960579335689545e-02 -1.470010261982679367e-02 4.478760070800781250e+02
6.941413879394531250e-01 2.272148989140987396e-02 -2.632461115717887878e-02 -1.411481108516454697e-02 4.488757019042968750e+02
6.689555048942565918e-01 2.205228433012962341e-02 -2.703035250306129456e-02 -1.351387891918420792e-02 4.498753967285156250e+02
6.430306434631347656e-01 2.135706692934036255e-02 -2.770604565739631653e-02 -1.289906911551952362e-02 4.508750610351562500e+02
6.163955926895141602e-01 2.064287476241588593e-02 -2.835099957883358002e-02 -1.226745266467332840e-02 4.518746948242187500e+02
5.890800952911376953e-01 1.990130729973316193e-02 -2.896437235176563263e-02 -1.162418164312839508e-02 4.528743286132812500e+02
5.611144304275512695e-01 1.913688518106937408e-02 -2.954558096826076508e-02 -1.096923276782035828e-02 4.538739318847656250e+02
5.325295925140380859e-01 1.835456117987632751e-02 -3.009404242038726807e-02 -1.030109357088804245e-02 4.548735351562500000e+02
5.033574104309082031e-01 1.755255088210105896e-02 -3.060909733176231384e-02 -9.621209464967250824e-03 4.558731079101562500e+02
4.736303091049194336e-01 1.672861166298389435e-02 -3.109015710651874542e-02 -8.932304568588733673e-03 4.568726806640625000e+02
4.433811902999877930e-01 1.588962972164154053e-02 -3.153677284717559814e-02 -8.232174441218376160e-03 4.578722229003906250e+02
4.126437306404113770e-01 1.503093540668487549e-02 -3.194838017225265503e-02 -7.524231448769569397e-03 4.588717651367187500e+02
3.814519643783569336e-01 1.415615435689687729e-02 -3.232459351420402527e-02 -6.808409933000802994e-03 4.598712768554687500e+02
3.498404324054718018e-01 1.327157765626907349e-02 -3.266501426696777344e-02 -6.081796251237392426e-03 4.608707885742187500e+02
3.178444504737854004e-01 1.236734632402658463e-02 -3.296910226345062256e-02 -5.350250750780105591e-03 4.618702697753906250e+02
2.854993641376495361e-01 1.144868414849042892e-02 -3.323661535978317261e-02 -4.613544326275587082e-03 4.628697509765625000e+02
2.528409957885742188e-01 1.052089221775531769e-02 -3.346729278564453125e-02 -3.869956592097878456e-03 4.638692321777343750e+02
2.199057042598724365e-01 9.575106203556060791e-03 -3.366079181432723999e-02 -3.125805873423814774e-03 4.648686828613281250e+02
1.867297589778900146e-01 8.627828210592269897e-03 -3.381708264350891113e-02 -2.373950555920600891e-03 4.658681335449218750e+02
1.533502638339996338e-01 7.666066754609346390e-03 -3.393578156828880310e-02 -1.621350646018981934e-03 4.668675842285156250e+02
1.198040693998336792e-01 6.693481002002954483e-03 -3.401684761047363281e-02 -8.689577225595712662e-04 4.678670349121093750e+02
8.612826466560363770e-02 5.718659609556198120e-03 -3.406029567122459412e-02 -1.136114005930721760e-04 4.688664550781250000e+02
5.236032232642173767e-02 4.739766009151935577e-03 -3.406597673892974854e-02 6.438032723963260651e-04 4.698658752441406250e+02
1.853778585791587830e-02 3.748185699805617332e-03 -3.403378650546073914e-02 1.396835548803210258e-03 4.708652954101562500e+02
-1.530212908983230591e-02 2.758541610091924667e-03 -3.396394476294517517e-02 2.151008229702711105e-03 4.718647155761718750e+02
-4.912169650197029114e-02 1.763519132509827614e-03 -3.385639563202857971e-02 2.902043284848332405e-03 4.728641357421875000e+02
-8.288349956274032593e-02 7.671995554119348526e-04 -3.371129184961318970e-02 3.650351427495479584e-03 4.738635559082031250e+02
-1.165500730276107788e-01 -2.349327551200985909e-04 -3.352877497673034668e-02 4.391476046293973923e-03 4.748629760742187500e+02
-1.500843018293380737e-01 -1.228799577802419662e-03 -3.330920264124870300e-02 5.131402518600225449e-03 4.758624267578125000e+02
-1.834487617015838623e-01 -2.227426040917634964e-03 -3.305263072252273560e-02 5.862681195139884949e-03 4.768618774414062500e+02
-2.166066914796829224e-01 -3.222049679607152939e-03 -3.275949507951736450e-02 6.587322335690259933e-03 4.778613281250000000e+02
-2.495213449001312256e-01 -4.207810852676630020e-03 -3.243012726306915283e-02 7.307550869882106781e-03 4.788607788085937500e+02
-2.821560800075531006e-01 -5.190589465200901031e-03 -3.206475079059600830e-02 8.020033128559589386e-03 4.798602600097656250e+02
-3.144747316837310791e-01 -6.173209287226200104e-03 -3.166374936699867249e-02 8.720926009118556976e-03 4.808597412109375000e+02
-3.464416861534118652e-01 -7.145514711737632751e-03 -3.122770227491855621e-02 9.413510560989379883e-03 4.818592224121093750e+02
-3.780214190483093262e-01 -8.105401881039142609e-03 -3.075702674686908722e-02 1.009914837777614594e-02 4.828587341308593750e+02
-4.091786742210388184e-01 -9.059959091246128082e-03 -3.025206923484802246e-02 1.077372115105390549e-02 4.838582458496093750e+02
-4.398789107799530029e-01 -1.001192163676023483e-02 -2.971338294446468353e-02 1.143293362110853195e-02 4.848577880859375000e+02
-4.700883030891418457e-01 -1.095047313719987869e-02 -2.914173714816570282e-02 1.207988709211349487e-02 4.858573303222656250e+02
-4.997732043266296387e-01 -1.187915820628404617e-02 -2.853774279356002808e-02 1.271140947937965393e-02 4.868569030761718750e+02
-5.289008021354675293e-01 -1.278958190232515335e-02 -2.790217287838459015e-02 1.333075948059558868e-02 4.878564758300781250e+02
-5.574386119842529297e-01 -1.368105318397283554e-02 -2.723563462495803833e-02 1.393905282020568848e-02 4.888560791015625000e+02
-5.853546857833862305e-01 -1.456983480602502823e-02 -2.653868123888969421e-02 1.452598627656698227e-02 4.898556823730468750e+02
-6.126185059547424316e-01 -1.543086301535367966e-02 -2.581238187849521637e-02 1.510269660502672195e-02 4.908553161621093750e+02
-6.391993165016174316e-01 -1.628353446722030640e-02 -2.505724690854549408e-02 1.565924100577831268e-02 4.918549499511718750e+02
-6.650678515434265137e-01 -1.711535826325416565e-02 -2.427428402006626129e-02 1.619975641369819641e-02 4.928546142578125000e+02
-6.901952624320983887e-01 -1.792841404676437378e-02 -2.346429601311683655e-02 1.672274060547351837e-02 4.938543090820312500e+02
-7.145535945892333984e-01 -1.872543618083000183e-02 -2.262815833091735840e-02 1.722517795860767365e-02 4.948540039062500000e+02
-7.381158471107482910e-01 -1.949845068156719208e-02 -2.176689915359020233e-02 1.770987547934055328e-02 4.958537292480468750e+02
-7.608557343482971191e-01 -2.025007270276546478e-02 -2.088140510022640228e-02 1.817517913877964020e-02 4.968534851074218750e+02
-7.827479243278503418e-01 -2.098198235034942627e-02 -1.997264660894870758e-02 1.861885376274585724e-02 4.978532409667968750e+02
-8.037681579589843750e-01 -2.168862707912921906e-02 -1.904170401394367218e-02 1.904256455600261688e-02 4.988530273437500000e+02
-8.238929510116577148e-01 -2.237234450876712799e-02 -1.808957569301128387e-02 1.944441348314285278e-02 4.998528137207031250e+02
