2.013798570260405540e-03
-1.259829150512814522e-04
-3.975175786763429642e-04
-8.942034328356385231e-04
-1.245433697476983070e-03
-1.480519655160605907e-03
-1.597234280779957771e-03
-1.618690090253949165e-03
-1.576870214194059372e-03
-1.506092492491006851e-03
-1.437403727322816849e-03
-1.394259044900536537e-03
-1.390317804180085659e-03
-1.429574680514633656e-03
-1.508150831796228886e-03
-1.616613357327878475e-03
-1.742314780130982399e-03
-1.873115543276071548e-03
-1.997360726818442345e-03
-2.108311979100108147e-03
-2.201376250013709068e-03
-2.275655046105384827e-03
-2.333276672288775444e-03
-2.378354314714670181e-03
-2.414825372397899628e-03
-2.447292674332857132e-03
-2.479607937857508659e-03
-2.513683168217539787e-03
-2.550865989178419113e-03
-2.591485390439629555e-03
-2.633031923323869705e-03
-2.676199655979871750e-03
-2.716959221288561821e-03
-2.755445428192615509e-03
-2.789510414004325867e-03
-2.818509005010128021e-03
-2.841947134584188461e-03
-2.860885113477706909e-03
-2.874407917261123657e-03
-2.883796114474534988e-03
-2.889682538807392120e-03
-2.892242046073079109e-03
-2.892234129831194878e-03
-2.889638300985097885e-03
-2.884519752115011215e-03
-2.877127844840288162e-03
-2.866981551051139832e-03
-2.853826386854052544e-03
-2.837891690433025360e-03
-2.818183274939656258e-03
-2.795774489641189575e-03
-2.769445534795522690e-03
-2.740119583904743195e-03
-2.707384061068296432e-03
-2.671249443665146828e-03
-2.632254268974065781e-03
-2.590337768197059631e-03
-2.545383758842945099e-03
-2.498034620657563210e-03
-2.447628881782293320e-03
-2.394811715930700302e-03
-2.339463680982589722e-03
-2.281738212332129478e-03
-2.221156843006610870e-03
-2.158197574317455292e-03
-2.092910464853048325e-03
-2.025431720539927483e-03
-1.955323619768023491e-03
-1.882990356534719467e-03
-1.809470006264746189e-03
-1.732531585730612278e-03
-1.654683845117688179e-03
-1.574987662024796009e-03
-1.493090530857443810e-03
-1.410002820193767548e-03
-1.324986107647418976e-03
-1.238872180692851543e-03
-1.151063945144414902e-03
-1.062207506038248539e-03
-9.722072863951325417e-04
-8.810206782072782516e-04
-7.889896514825522900e-04
-6.962014595046639442e-04
-6.024400936439633369e-04
-5.080258706584572792e-04
-4.129737499170005322e-04
-3.174401354044675827e-04
-2.218742592958733439e-04
-1.261253055417910218e-04
-2.969431079691275954e-05
6.633000157307833433e-05
1.624176948098465800e-04
2.582862798590213060e-04
3.542339254636317492e-04
4.492971638683229685e-04
5.440966342575848103e-04
6.385654560290277004e-04
7.315285038203001022e-04
8.244469063356518745e-04
9.162075002677738667e-04
1.007050508633255959e-03
1.096583320759236813e-03
1.184917287901043892e-03
1.272507943212985992e-03
1.357785076834261417e-03
1.442461740225553513e-03
1.525098690763115883e-03
1.606007339432835579e-03
1.685216091573238373e-03
1.763120875693857670e-03
1.838252414017915726e-03
1.911830739118158817e-03
1.982891466468572617e-03
2.051990479230880737e-03
2.118917414918541908e-03
2.183566335588693619e-03
2.245796145871281624e-03
2.305210568010807037e-03
2.362419152632355690e-03
2.416736679151654243e-03
2.468488179147243500e-03
2.517692279070615768e-03
2.563847461715340614e-03
2.607054775580763817e-03
2.647650428116321564e-03
2.684840466827154160e-03
2.719650976359844208e-03
2.751006046310067177e-03
2.779689617455005646e-03
2.804816700518131256e-03
2.827042015269398689e-03
2.846192568540573120e-03
2.862063003703951836e-03
2.874750876799225807e-03
2.884082728996872902e-03
2.890308853238821030e-03
2.893376629799604416e-03
2.893170109018683434e-03
2.889513503760099411e-03
2.883295761421322823e-03
2.873144578188657761e-03
2.859987318515777588e-03
2.843785332515835762e-03
2.824234077706933022e-03
2.801886992529034615e-03
2.776007866486907005e-03
2.747101010754704475e-03
2.715475624427199364e-03
2.680522855371236801e-03
2.642428735271096230e-03
2.601811429485678673e-03
2.558130072429776192e-03
2.511644037440419197e-03
2.461821306496858597e-03
2.409962471574544907e-03
2.355308039113879204e-03
2.298007952049374580e-03
2.238223562017083168e-03
2.175698056817054749e-03
2.111428650096058846e-03
2.044063759967684746e-03
1.974681159481406212e-03
1.903219847008585930e-03
1.829610322602093220e-03
1.753708114847540855e-03
1.676397747360169888e-03
1.597014488652348518e-03
1.515501528047025204e-03
1.433117315173149109e-03
1.348702237010002136e-03
1.262564794160425663e-03
1.175238983705639839e-03
1.087018870748579502e-03
9.968625381588935852e-04
9.062192984856665134e-04
8.142953156493604183e-04
7.216689409688115120e-04
6.281805690377950668e-04
5.337866605259478092e-04
4.395869618747383356e-04
3.441256703808903694e-04
2.479229588061571121e-04
1.526285050204023719e-04
5.642832547891885042e-05
-4.000918124802410603e-05
-1.362038310617208481e-04
-2.320493222214281559e-04
-3.279116644989699125e-04
-4.228318866807967424e-04
-5.187389906495809555e-04
-6.123450002633035183e-04
-7.065166137181222439e-04
-7.985873962752521038e-04
-8.912922348827123642e-04
-9.822597494348883629e-04
-1.071919919922947884e-03
-1.160896266810595989e-03
-1.248543849214911461e-03
-1.334538799710571766e-03
-1.419426174834370613e-03
-1.502405968494713306e-03
-1.584060140885412693e-03
-1.663781236857175827e-03
-1.741535146720707417e-03
-1.817735028453171253e-03
-1.891874591819941998e-03
-1.963764196261763573e-03
-2.033273922279477119e-03
-2.101074205711483955e-03
-2.165774814784526825e-03
-2.228787168860435486e-03
-2.289063995704054832e-03
-2.346966182813048363e-03
-2.401910023763775826e-03
-2.454498317092657089e-03
-2.504363888874650002e-03
-2.551533514633774757e-03
-2.595479367300868034e-03
-2.636781893670558929e-03
-2.675224561244249344e-03
-2.710340311750769615e-03
-2.742871409282088280e-03
-2.772042527794837952e-03
-2.798357047140598297e-03
-2.821336267516016960e-03
-2.841070061549544334e-03
-2.857934217900037766e-03
-2.871364820748567581e-03
-2.881793770939111710e-03
-2.888776827603578568e-03
-2.893145661801099777e-03
-2.893379889428615570e-03
-2.891194773837924004e-03
-2.885189373046159744e-03
-2.876200480386614799e-03
-2.864093519747257233e-03
-2.848551142960786819e-03
-2.830028533935546875e-03
-2.808304270729422569e-03
-2.783393952995538712e-03
-2.755261491984128952e-03
-2.724372316151857376e-03
-2.690328052267432213e-03
-2.652968745678663254e-03
-2.613418269902467728e-03
-2.570419805124402046e-03
-2.524430630728602409e-03
-2.475978108122944832e-03
-2.424944890663027763e-03
-2.370606642216444016e-03
-2.314298413693904877e-03
-2.254884922876954079e-03
-2.193319611251354218e-03
-2.129168715327978134e-03
-2.062455751001834869e-03
-1.994078978896141052e-03
-1.922904048115015030e-03
-1.849470078013837337e-03
-1.775064389221370220e-03
-1.697800238616764545e-03
-1.619126647710800171e-03
-1.538477954454720020e-03
-1.455885358154773712e-03
-1.371597638353705406e-03
-1.286483253352344036e-03
-1.199367688968777657e-03
-1.110993442125618458e-03
-1.021779375150799751e-03
-9.317852673120796680e-04
-8.392952731810510159e-04
-7.477430626749992371e-04
-6.536430446431040764e-04
-5.605581682175397873e-04
-4.645649460144340992e-04
-3.699660010170191526e-04
-2.750850981101393700e-04
-1.782360632205381989e-04
-8.307489042636007071e-05
1.359441012027673423e-05
1.096544874599203467e-04
2.055471122730523348e-04
3.020307340193539858e-04
3.974502906203269958e-04
4.923803498968482018e-04
5.863558617420494556e-04
6.806601304560899734e-04
7.738070562481880188e-04
8.654359844513237476e-04
9.564693900756537914e-04
1.047156169079244137e-03
1.136935432441532612e-03
1.224208972416818142e-03
1.311282394453883171e-03
1.395974890328943729e-03
1.480326871387660503e-03
1.562071964144706726e-03
1.642013667151331902e-03
1.720866886898875237e-03
1.796801807358860970e-03
1.871395972557365894e-03
1.944245072081685066e-03
2.014187164604663849e-03
2.082007937133312225e-03
2.148780738934874535e-03
2.211545826867222786e-03
2.272821264341473579e-03
2.331167925149202347e-03
2.387023065239191055e-03
2.440642332658171654e-03
2.490778919309377670e-03
2.539033070206642151e-03
2.583904890343546867e-03
2.625618129968643188e-03
2.664995845407247543e-03
2.701106248423457146e-03
2.734182868152856827e-03
2.764106262475252151e-03
2.791212406009435654e-03
2.815380226820707321e-03
2.835737774148583412e-03
2.853679703548550606e-03
2.868154551833868027e-03
2.879211911931633949e-03
2.887324197217822075e-03
2.892061136662960052e-03
2.893844619393348694e-03
2.892126329243183136e-03
2.887109993025660515e-03
2.879249863326549530e-03
2.867371076717972755e-03
2.853277837857604027e-03
2.835437422618269920e-03
2.814572304487228394e-03
2.790459198877215385e-03
2.763272030279040337e-03
2.733520232141017914e-03
2.699773060157895088e-03
2.663828898221254349e-03
2.624317305162549019e-03
2.582775894552469254e-03
2.537184627726674080e-03
2.489539328962564468e-03
2.439156640321016312e-03
2.385630970820784569e-03
2.329934155568480492e-03
2.272003795951604843e-03
2.209953265264630318e-03
2.146917860954999924e-03
2.080973470583558083e-03
2.013167133554816246e-03
1.942364266142249107e-03
1.870806445367634296e-03
1.795602031052112579e-03
1.719143940135836601e-03
1.640996662899851799e-03
1.560751465149223804e-03
1.478485763072967529e-03
1.395410043187439442e-03
1.309978193603456020e-03
1.223287079483270645e-03
1.135649159550666809e-03
1.046536373905837536e-03
9.559894097037613392e-04
8.649858646094799042e-04
7.724260794930160046e-04
6.796446978114545345e-04
5.856959032826125622e-04
4.922825028188526630e-04
3.961369220633059740e-04
3.008428320754319429e-04
2.052512863883748651e-04
1.086138654500246048e-04
1.265099035663297400e-05
-8.251280087279155850e-05
-1.790549722500145435e-04
-2.758610935416072607e-04
-3.704338159877806902e-04
-4.665050946641713381e-04
-5.610890220850706100e-04
-6.552483537234365940e-04
-7.476728642359375954e-04
-8.411339949816465378e-04
-9.320189710706472397e-04
-1.022019889205694199e-03
-1.112168305553495884e-03
-1.200707745738327503e-03
-1.286520622670650482e-03
-1.373260980471968651e-03
-1.456807600334286690e-03
-1.539639430120587349e-03
-1.620620605535805225e-03
-1.698772073723375797e-03
-1.776159624569118023e-03
-1.851403270848095417e-03
-1.924511860124766827e-03
-1.995424041524529457e-03
-2.064083702862262726e-03
-2.130512380972504616e-03
-2.194239292293787003e-03
-2.256692619994282722e-03
-2.315382240340113640e-03
-2.372199203819036484e-03
-2.426020801067352295e-03
-2.477130852639675140e-03
-2.526071853935718536e-03
-2.571376273408532143e-03
-2.614499302580952644e-03
-2.654318232089281082e-03
-2.691140165552496910e-03
-2.725427504628896713e-03
-2.756319940090179443e-03
-2.784413285553455353e-03
-2.808847231790423393e-03
-2.831037621945142746e-03
-2.849059645086526871e-03
-2.864334732294082642e-03
-2.876576269045472145e-03
-2.885561902076005936e-03
-2.891176613047719002e-03
-2.893544966354966164e-03
-2.892639255151152611e-03
-2.888834103941917419e-03
-2.881577238440513611e-03
-2.871085191145539284e-03
-2.857406856492161751e-03
-2.840543398633599281e-03
-2.820587251335382462e-03
-2.797448076307773590e-03
-2.771052299067378044e-03
-2.742201788350939751e-03
-2.708985237404704094e-03
-2.674282528460025787e-03
-2.635484328493475914e-03
-2.594490302726626396e-03
-2.549980999901890755e-03
-2.503171330317854881e-03
-2.453405410051345825e-03
-2.400299534201622009e-03
-2.345978049561381340e-03
-2.287626266479492188e-03
-2.227342687547206879e-03
-2.164591336622834206e-03
-2.100010402500629425e-03
-2.031866228207945824e-03
-1.961900386959314346e-03
-1.890274113975465298e-03
-1.816373784095048904e-03
-1.740635954774916172e-03
-1.662512542679905891e-03
-1.582743483595550060e-03
-1.501604914665222168e-03
-1.417682389728724957e-03
-1.333424705080688000e-03
-1.247679465450346470e-03
-1.159922918304800987e-03
-1.070996397174894810e-03
-9.815283119678497314e-04
-8.901449618861079216e-04
-7.985262782312929630e-04
-7.058911141939461231e-04
-6.112384144216775894e-04
-5.172578967176377773e-04
-4.225695156492292881e-04
-3.266249550506472588e-04
-2.320073836017400026e-04
-1.348267396679148078e-04
-3.909209408448077738e-05
5.640719246002845466e-05
1.529841538285836577e-04
2.496296947356313467e-04
3.442911256570369005e-04
4.403236089274287224e-04
5.350116407498717308e-04
6.294464692473411560e-04
7.219833205454051495e-04
8.156967815011739731e-04
9.066625498235225677e-04
9.972327388823032379e-04
1.087737386114895344e-03
1.176520832814276218e-03
1.262981328181922436e-03
1.349116093479096889e-03
1.434671576134860516e-03
1.517908647656440735e-03
1.598243019543588161e-03
1.677709049545228481e-03
1.754511613398790359e-03
1.830491004511713982e-03
1.905313925817608833e-03
1.975135877728462219e-03
2.046133158728480339e-03
2.112358575686812401e-03
2.177467104047536850e-03
2.240014262497425079e-03
2.299280138686299324e-03
2.356915036216378212e-03
2.411718014627695084e-03
2.463274169713258743e-03
2.512664534151554108e-03
2.558853244408965111e-03
