0.000000000000000000e+00 0.000000000000000000e+00 3.333333507180213928e-02 0.000000000000000000e+00 0.000000000000000000e+00
3.332716226577758789e-02 4.259721562266349792e-02 3.333333507180213928e-02 3.009968437254428864e-02 9.994444847106933594e-01
6.878300011157989502e-02 -4.670426249504089355e-03 3.483831882476806641e-02 1.808769069612026215e-02 1.998818039894104004e+00
1.033808887004852295e-01 -2.275880984961986542e-02 3.574270382523536682e-02 1.028515119105577469e-02 2.998219490051269531e+00
1.379787623882293701e-01 -3.403329849243164062e-02 3.625696152448654175e-02 -7.820688188076019287e-05 3.997621297836303711e+00
1.725272387266159058e-01 -3.465581685304641724e-02 3.625304996967315674e-02 -9.397126734256744385e-03 4.997025966644287109e+00
2.070406973361968994e-01 -2.779015712440013885e-02 3.578319400548934937e-02 -1.677939668297767639e-02 5.996431827545166016e+00
2.414276301860809326e-01 -1.603219658136367798e-02 3.494422510266304016e-02 -2.144621498882770538e-02 6.995841503143310547e+00
2.755636274814605713e-01 -2.348118461668491364e-03 3.387191519141197205e-02 -2.329035103321075439e-02 7.995259284973144531e+00
3.093117177486419678e-01 1.070011965930461884e-02 3.270739689469337463e-02 -2.265655808150768280e-02 8.994689941406250000e+00
3.425480127334594727e-01 2.120350301265716553e-02 3.157456964254379272e-02 -2.021298930048942566e-02 9.994137763977050781e+00
3.751769959926605225e-01 2.806442044675350189e-02 3.056392073631286621e-02 -1.677756384015083313e-02 1.099360561370849609e+01
4.071387350559234619e-01 3.099766187369823456e-02 2.972504310309886932e-02 -1.315755303949117661e-02 1.199309539794921875e+01
4.384086132049560547e-01 3.039665520191192627e-02 2.906716614961624146e-02 -1.003101933747529984e-02 1.299260711669921875e+01
4.689908623695373535e-01 2.714079245924949646e-02 2.856561541557312012e-02 -7.863705046474933624e-03 1.399214076995849609e+01
4.989090859889984131e-01 2.235114760696887970e-02 2.817242965102195740e-02 -6.882674992084503174e-03 1.499169445037841797e+01
5.281949043273925781e-01 1.716872677206993103e-02 2.782829664647579193e-02 -7.087684702128171921e-03 1.599126625061035156e+01
5.568777322769165039e-01 1.257625129073858261e-02 2.747391164302825928e-02 -8.293399587273597717e-03 1.699085617065429688e+01
5.849767923355102539e-01 9.268489666283130646e-03 2.705924212932586670e-02 -1.019855588674545288e-02 1.799046134948730469e+01
6.124960184097290039e-01 7.608892861753702164e-03 2.654931508004665375e-02 -1.245188433676958084e-02 1.899008178710937500e+01
6.394225358963012695e-01 7.633227854967117310e-03 2.592672035098075867e-02 -1.471876166760921478e-02 1.998971939086914062e+01
6.657278537750244141e-01 9.111330844461917877e-03 2.519078180193901062e-02 -1.672865077853202820e-02 2.098937416076660156e+01
6.913713812828063965e-01 1.164117734879255295e-02 2.435434982180595398e-02 -1.829981617629528046e-02 2.198904609680175781e+01
7.163051962852478027e-01 1.472932100296020508e-02 2.343935891985893250e-02 -1.935753971338272095e-02 2.298873519897460938e+01
7.404786944389343262e-01 1.790413632988929749e-02 2.247148193418979645e-02 -1.991439424455165863e-02 2.398844337463378906e+01
7.638432383537292480e-01 2.076914533972740173e-02 2.147576212882995605e-02 -2.005664631724357605e-02 2.498817062377929688e+01
7.863555550575256348e-01 2.305296622216701508e-02 2.047292888164520264e-02 -1.991454511880874634e-02 2.598791694641113281e+01
8.079794645309448242e-01 2.462708950042724609e-02 1.947720162570476532e-02 -1.963235251605510712e-02 2.698768424987792969e+01
8.286865353584289551e-01 2.549652382731437683e-02 1.849558390676975250e-02 -1.934271492063999176e-02 2.798747062683105469e+01
8.484556674957275391e-01 2.576595358550548553e-02 1.752844825387001038e-02 -1.915199123322963715e-02 2.898727607727050781e+01
8.672713041305541992e-01 2.561348490417003632e-02 1.657084934413433075e-02 -1.912398822605609894e-02 2.998710060119628906e+01
8.851218819618225098e-01 2.523950673639774323e-02 1.561465021222829819e-02 -1.928246021270751953e-02 3.098694229125976562e+01
9.019977450370788574e-01 2.483367919921875000e-02 1.465052738785743713e-02 -1.961489021778106689e-02 3.198680114746093750e+01
9.178892970085144043e-01 2.455014176666736603e-02 1.366978324949741364e-02 -2.008034847676753998e-02 3.298667526245117188e+01
9.327860474586486816e-01 2.448834292590618134e-02 1.266576535999774933e-02 -2.062250301241874695e-02 3.398656463623046875e+01
9.466757774353027344e-01 2.469024434685707092e-02 1.163464039564132690e-02 -2.118049934506416321e-02 3.498646926879882812e+01
9.595445990562438965e-01 2.514381520450115204e-02 1.057561580091714859e-02 -2.169987559318542480e-02 3.598638916015625000e+01
9.713771343231201172e-01 2.579716593027114868e-02 9.490622207522392273e-03 -2.213877812027931213e-02 3.698632049560546875e+01
9.821574091911315918e-01 2.656980045139789581e-02 8.383682928979396820e-03 -2.247466519474983215e-02 3.798626327514648438e+01
9.918694496154785156e-01 2.738086134195327759e-02 7.259949576109647751e-03 -2.269839122891426086e-02 3.898621749877929688e+01
1.000498294830322266e+00 2.814942225813865662e-02 6.125030107796192169e-03 -2.281868644058704376e-02 3.998618316650390625e+01
1.008030772209167480e+00 2.881685085594654083e-02 4.984095692634582520e-03 -2.285249531269073486e-02 4.098615646362304688e+01
1.014455676078796387e+00 2.934199385344982147e-02 3.841470927000045776e-03 -2.282542549073696136e-02 4.198613739013671875e+01
1.019764184951782227e+00 2.971374429762363434e-02 2.700199605897068977e-03 -2.276130020618438721e-02 4.298612594604492188e+01
1.023950099945068359e+00 2.994128130376338959e-02 1.562134595587849617e-03 -2.268066816031932831e-02 4.398611831665039062e+01
1.027009248733520508e+00 3.004507534205913544e-02 4.281011642888188362e-04 -2.260077930986881256e-02 4.498611450195312500e+01
1.028939604759216309e+00 3.005960024893283844e-02 -7.019378244876861572e-04 -2.252960205078125000e-02 4.598611450195312500e+01
1.029740691184997559e+00 3.001930378377437592e-02 -1.828417996875941753e-03 -2.246893383562564850e-02 4.698611450195312500e+01
1.029413223266601562e+00 2.995451726019382477e-02 -2.951864618808031082e-03 -2.241516672074794769e-02 4.798611450195312500e+01
1.027959108352661133e+00 2.989042364060878754e-02 -4.072622861713171005e-03 -2.235922776162624359e-02 4.898611450195312500e+01
1.025380969047546387e+00 2.983884885907173157e-02 -5.190584342926740646e-03 -2.229183353483676910e-02 4.998611068725585938e+01
1.021682381629943848e+00 2.980374172329902649e-02 -6.305175833404064178e-03 -2.220300957560539246e-02 5.098610687255859375e+01
1.016867399215698242e+00 2.978090755641460419e-02 -7.415326312184333801e-03 -2.208408899605274200e-02 5.198609542846679688e+01
1.010941147804260254e+00 2.976051717996597290e-02 -8.519530296325683594e-03 -2.192849293351173401e-02 5.298608016967773438e+01
1.003909707069396973e+00 2.972663938999176025e-02 -9.615954943001270294e-03 -2.173424512147903442e-02 5.398605728149414062e+01
9.957801699638366699e-01 2.966559305787086487e-02 -1.070266682654619217e-02 -2.150123007595539093e-02 5.498602676391601562e+01
9.865608811378479004e-01 2.956557460129261017e-02 -1.177772879600524902e-02 -2.123151160776615143e-02 5.598598480224609375e+01
9.762616157531738281e-01 2.941715158522129059e-02 -1.283930428326129913e-02 -2.092925645411014557e-02 5.698593139648437500e+01
9.648934006690979004e-01 2.921585924923419952e-02 -1.388576719909906387e-02 -2.059899643063545227e-02 5.798586654663085938e+01
9.524687528610229492e-01 2.896232344210147858e-02 -1.491571683436632156e-02 -2.024438790977001190e-02 5.898579025268554688e+01
9.390015602111816406e-01 2.865530177950859070e-02 -1.592793688178062439e-02 -1.987151615321636200e-02 5.998570251464843750e+01
9.245069026947021484e-01 2.830554544925689697e-02 -1.692151278257369995e-02 -1.948039606213569641e-02 6.098559951782226562e+01
9.090012907981872559e-01 2.791481092572212219e-02 -1.789553277194499969e-02 -1.907462067902088165e-02 6.198548126220703125e+01
8.925022482872009277e-01 2.749131992459297180e-02 -1.884926296770572662e-02 -1.865400746464729309e-02 6.298534774780273438e+01
8.750284314155578613e-01 2.704227901995182037e-02 -1.978196389973163605e-02 -1.821689493954181671e-02 6.398519515991210938e+01
8.565996289253234863e-01 2.656881883740425110e-02 -2.069280855357646942e-02 -1.776347495615482330e-02 6.498502349853515625e+01
8.372364640235900879e-01 2.607503533363342285e-02 -2.158098295331001282e-02 -1.729162596166133881e-02 6.598484039306640625e+01
8.169605731964111328e-01 2.555950358510017395e-02 -2.244556508958339691e-02 -1.680133305490016937e-02 6.698463439941406250e+01
7.957945466041564941e-01 2.502374909818172455e-02 -2.328563109040260315e-02 -1.629087142646312714e-02 6.798441314697265625e+01
7.737618684768676758e-01 2.446647174656391144e-02 -2.410017512738704681e-02 -1.575952582061290741e-02 6.898416900634765625e+01
7.508869767189025879e-01 2.388334088027477264e-02 -2.488815225660800934e-02 -1.520881522446870804e-02 6.998390960693359375e+01
7.271952033042907715e-01 2.327410504221916199e-02 -2.564859390258789062e-02 -1.463902834802865982e-02 7.098362731933593750e+01
7.027127742767333984e-01 2.263883501291275024e-02 -2.638054452836513519e-02 -1.405039522796869278e-02 7.198332977294921875e+01
6.774668097496032715e-01 2.197464555501937866e-02 -2.708306349813938141e-02 -1.344529539346694946e-02 7.298300933837890625e+01
6.514853835105895996e-01 2.128216065466403961e-02 -2.775532752275466919e-02 -1.282520219683647156e-02 7.398267364501953125e+01
6.247973442077636719e-01 2.056398801505565643e-02 -2.839658781886100769e-02 -1.219053193926811218e-02 7.498231506347656250e+01
5.974323749542236328e-01 1.981966570019721985e-02 -2.900611422955989838e-02 -1.154333539307117462e-02 7.598194122314453125e+01
5.694208741188049316e-01 1.905052177608013153e-02 -2.958328090608119965e-02 -1.088522654026746750e-02 7.698155212402343750e+01
5.407940149307250977e-01 1.826153323054313660e-02 -3.012754209339618683e-02 -1.021545007824897766e-02 7.798114013671875000e+01
5.115836858749389648e-01 1.745306514203548431e-02 -3.063831478357315063e-02 -9.534958750009536743e-03 7.898071289062500000e+01
4.818224012851715088e-01 1.662395708262920380e-02 -3.111506253480911255e-02 -8.846011012792587280e-03 7.998027038574218750e+01
4.515431523323059082e-01 1.578047499060630798e-02 -3.155736252665519714e-02 -8.146703243255615234e-03 8.097981262207031250e+01
4.207796454429626465e-01 1.491990312933921814e-02 -3.196469694375991821e-02 -7.439187727868556976e-03 8.197933959960937500e+01
3.895660042762756348e-01 1.404427830129861832e-02 -3.233665600419044495e-02 -6.723704747855663300e-03 8.297885131835937500e+01
3.579368293285369873e-01 1.315634977072477341e-02 -3.267284110188484192e-02 -5.999539978802204132e-03 8.397834777832031250e+01
3.259272575378417969e-01 1.225338224321603775e-02 -3.297281637787818909e-02 -5.268896464258432388e-03 8.497783660888671875e+01
2.935727536678314209e-01 1.133769284933805466e-02 -3.323626145720481873e-02 -4.531871061772108078e-03 8.597731018066406250e+01
2.609091699123382568e-01 1.040805224329233170e-02 -3.346285596489906311e-02 -3.790493588894605637e-03 8.697677612304687500e+01
2.279726713895797729e-01 9.470162913203239441e-03 -3.365238010883331299e-02 -3.042906988412141800e-03 8.797623443603515625e+01
1.947998851537704468e-01 8.517491631209850311e-03 -3.380452468991279602e-02 -2.293780678883194923e-03 8.897568511962890625e+01
1.614274233579635620e-01 7.557351142168045044e-03 -3.391921520233154297e-02 -1.541293226182460785e-03 8.997512817382812500e+01
1.278923600912094116e-01 6.589578464627265930e-03 -3.399628028273582458e-02 -7.863767677918076515e-04 9.097456359863281250e+01
9.423191845417022705e-02 5.611366126686334610e-03 -3.403560072183609009e-02 -3.218970960006117821e-05 9.197399902343750000e+01
6.048329547047615051e-02 4.629096481949090958e-03 -3.403721004724502563e-02 7.227960159070789814e-04 9.297342681884765625e+01
2.668397501111030579e-02 3.641668008640408516e-03 -3.400107100605964661e-02 1.477007288485765457e-03 9.397285461425781250e+01
-7.128570228815078735e-03 2.650405280292034149e-03 -3.392722085118293762e-02 2.229764824733138084e-03 9.497228240966796875e+01
-4.091683775186538696e-02 1.654633088037371635e-03 -3.381573408842086792e-02 2.979092998430132866e-03 9.597171020507812500e+01
-7.464344799518585205e-02 6.584915099665522575e-04 -3.366677835583686829e-02 3.725570393726229668e-03 9.697113800048828125e+01
-1.082709580659866333e-01 -3.380897687748074532e-04 -3.348049893975257874e-02 4.468081053346395493e-03 9.797057342529296875e+01
-1.417620927095413208e-01 -1.335459179244935513e-03 -3.325709328055381775e-02 5.204916000366210938e-03 9.897000885009765625e+01
-1.750797927379608154e-01 -2.329484093934297562e-03 -3.299684822559356689e-02 5.936861969530582428e-03 9.996945190429687500e+01
-2.081870734691619873e-01 -3.321227151900529861e-03 -3.270000591874122620e-02 6.662381812930107117e-03 1.009689025878906250e+02
-2.410472333431243896e-01 -4.310557618737220764e-03 -3.236688673496246338e-02 7.379984483122825623e-03 1.019683609008789062e+02
-2.736238837242126465e-01 -5.294437520205974579e-03 -3.199788928031921387e-02 8.089759387075901031e-03 1.029678268432617188e+02
-3.058809041976928711e-01 -6.271664518862962723e-03 -3.159340098500251770e-02 8.791324682533740997e-03 1.039673080444335938e+02
-3.377824723720550537e-01 -7.243716623634099960e-03 -3.115383535623550415e-02 9.482586756348609924e-03 1.049667968750000000e+02
-3.692932724952697754e-01 -8.207222446799278259e-03 -3.067970648407936096e-02 1.016378216445446014e-02 1.059663009643554688e+02
-4.003783464431762695e-01 -9.161379188299179077e-03 -3.017151728272438049e-02 1.083429343998432159e-02 1.069658203125000000e+02
-4.310031533241271973e-01 -1.010793261229991913e-02 -2.962980233132839203e-02 1.149170100688934326e-02 1.079653549194335938e+02
-4.611338078975677490e-01 -1.104102190583944321e-02 -2.905521728098392487e-02 1.213768031448125839e-02 1.089649047851562500e+02
-4.907367527484893799e-01 -1.196449156850576401e-02 -2.844833396375179291e-02 1.276914589107036591e-02 1.099644699096679688e+02
-5.197792053222656250e-01 -1.287259627133607864e-02 -2.780987694859504700e-02 1.338773407042026520e-02 1.109640502929687500e+02
-5.482288599014282227e-01 -1.376876980066299438e-02 -2.714049071073532104e-02 1.399064809083938599e-02 1.119636459350585938e+02
-5.760542154312133789e-01 -1.464875973761081696e-02 -2.644095756113529205e-02 1.457867585122585297e-02 1.129632568359375000e+02
-6.032242774963378906e-01 -1.551288738846778870e-02 -2.571202442049980164e-02 1.515074446797370911e-02 1.139628906250000000e+02
-6.297088861465454102e-01 -1.636104658246040344e-02 -2.495448663830757141e-02 1.570563204586505890e-02 1.149625396728515625e+02
-6.554785966873168945e-01 -1.719003543257713318e-02 -2.416920475661754608e-02 1.624391414225101471e-02 1.159622116088867188e+02
-6.805046796798706055e-01 -1.800177805125713348e-02 -2.335700951516628265e-02 1.676356606185436249e-02 1.169618988037109375e+02
-7.047594189643859863e-01 -1.879422552883625031e-02 -2.251883037388324738e-02 1.726418174803256989e-02 1.179616088867187500e+02
-7.282158136367797852e-01 -1.956466399133205414e-02 -2.165562100708484650e-02 1.774620823562145233e-02 1.189613342285156250e+02
-7.508477568626403809e-01 -2.031385712325572968e-02 -2.076831087470054626e-02 1.820849627256393433e-02 1.199610748291015625e+02
-7.726300358772277832e-01 -2.104039676487445831e-02 -1.985788531601428986e-02 1.865083537995815277e-02 1.209608383178710938e+02
-7.935384511947631836e-01 -2.174389548599720001e-02 -1.892534270882606506e-02 1.907257363200187683e-02 1.219606170654296875e+02
-8.135496377944946289e-01 -2.242439985275268555e-02 -1.797171309590339661e-02 1.947264000773429871e-02 1.229604187011718750e+02
-8.326414227485656738e-01 -2.307889983057975769e-02 -1.699808053672313690e-02 1.985173486173152924e-02 1.239602355957031250e+02
-8.507924675941467285e-01 -2.370948530733585358e-02 -1.600549370050430298e-02 2.020796760916709900e-02 1.249600677490234375e+02
-8.679826259613037109e-01 -2.431294508278369904e-02 -1.499509532004594803e-02 2.054200507700443268e-02 1.259599227905273438e+02
-8.841926455497741699e-01 -2.488928474485874176e-02 -1.396799460053443909e-02 2.085329033434391022e-02 1.269597930908203125e+02
-8.994045257568359375e-01 -2.543764188885688782e-02 -1.292533054947853088e-02 2.114169113337993622e-02 1.279596786499023438e+02
-9.136012792587280273e-01 -2.595894038677215576e-02 -1.186824589967727661e-02 2.140598557889461517e-02 1.289595794677734375e+02
-9.267671108245849609e-01 -2.644921280443668365e-02 -1.079794671386480331e-02 2.164774015545845032e-02 1.299594879150390625e+02
-9.388872385025024414e-01 -2.691259048879146576e-02 -9.715559892356395721e-03 2.186436392366886139e-02 1.309594116210937500e+02
-9.499481916427612305e-01 -2.734530903398990631e-02 -8.622341789305210114e-03 2.205687575042247772e-02 1.319593505859375000e+02
-9.599376320838928223e-01 -2.774951234459877014e-02 -7.519498001784086227e-03 2.222344651818275452e-02 1.329593048095703125e+02
-9.688444733619689941e-01 -2.811907045543193817e-02 -6.408325396478176117e-03 2.236690744757652283e-02 1.339592590332031250e+02
-9.766587018966674805e-01 -2.845972590148448944e-02 -5.289980210363864899e-03 2.248425409197807312e-02 1.349592285156250000e+02
-9.833716154098510742e-01 -2.876507863402366638e-02 -4.165767692029476166e-03 2.257854118943214417e-02 1.359592132568359375e+02
-9.889755845069885254e-01 -2.904276922345161438e-02 -3.036840585991740227e-03 2.264560200273990631e-02 1.369591979980468750e+02
-9.934645295143127441e-01 -2.928664162755012512e-02 -1.904560485854744911e-03 2.268760837614536285e-02 1.379591827392578125e+02
-9.968334436416625977e-01 -2.949674427509307861e-02 -7.701800204813480377e-04 2.270469069480895996e-02 1.389591827392578125e+02
-9.990784525871276855e-01 -2.967328578233718872e-02 3.650545841082930565e-04 2.269688993692398071e-02 1.399591827392578125e+02
-1.000197052955627441e+00 -2.981776185333728790e-02 1.499899080954492092e-03 2.266329899430274963e-02 1.409591827392578125e+02
-1.000187993049621582e+00 -2.992863766849040985e-02 2.633064053952693939e-03 2.260445244610309601e-02 1.419591827392578125e+02
-9.990513324737548828e-01 -3.000571578741073608e-02 3.763286862522363663e-03 2.252052165567874908e-02 1.429591827392578125e+02
-9.967883229255676270e-01 -3.004913777112960815e-02 4.889313131570816040e-03 2.241154387593269348e-02 1.439591827392578125e+02
-9.934014678001403809e-01 -3.006023354828357697e-02 6.009890232235193253e-03 2.227669954299926758e-02 1.449591827392578125e+02
-9.888945817947387695e-01 -3.003533370792865753e-02 7.123725488781929016e-03 2.211806923151016235e-02 1.459591674804687500e+02
-9.832726716995239258e-01 -2.997788600623607635e-02 8.229629136621952057e-03 2.193437702953815460e-02 1.469591522216796875e+02
-9.765419960021972656e-01 -2.988687530159950256e-02 9.326348081231117249e-03 2.172616869211196899e-02 1.479591369628906250e+02
-9.687100648880004883e-01 -2.976177446544170380e-02 1.041265670210123062e-02 2.149409614503383636e-02 1.489591064453125000e+02
-9.597855806350708008e-01 -2.960394509136676788e-02 1.148736104369163513e-02 2.123783528804779053e-02 1.499590606689453125e+02
-9.497785568237304688e-01 -2.941376157104969025e-02 1.254925318062305450e-02 2.095730975270271301e-02 1.509590148925781250e+02
-9.387001991271972656e-01 -2.918791584670543671e-02 1.359711866825819016e-02 2.065491676330566406e-02 1.519589538574218750e+02
-9.265627861022949219e-01 -2.893272228538990021e-02 1.462986413389444351e-02 2.032794244587421417e-02 1.529588775634765625e+02
-9.133799076080322266e-01 -2.864216826856136322e-02 1.564626209437847137e-02 1.997981034219264984e-02 1.539587860107421875e+02
-8.991662263870239258e-01 -2.832131646573543549e-02 1.664525270462036133e-02 1.960886642336845398e-02 1.549586791992187500e+02
-8.839375972747802734e-01 -2.796980366110801697e-02 1.762569695711135864e-02 1.921540871262550354e-02 1.559585571289062500e+02
-8.677110671997070312e-01 -2.758482098579406738e-02 1.858646795153617859e-02 1.880166493356227875e-02 1.569584197998046875e+02
-8.505046963691711426e-01 -2.717038244009017944e-02 1.952655054628849030e-02 1.836654543876647949e-02 1.579582672119140625e+02
-8.323376178741455078e-01 -2.672464028000831604e-02 2.044487744569778442e-02 1.791167818009853363e-02 1.589580993652343750e+02
-8.132300972938537598e-01 -2.624958381056785583e-02 2.134046144783496857e-02 1.743703335523605347e-02 1.599579162597656250e+02
-7.932034134864807129e-01 -2.574601769447326660e-02 2.221231348812580109e-02 1.694289408624172211e-02 1.609577178955078125e+02
-7.722799181938171387e-01 -2.521266415715217590e-02 2.305945754051208496e-02 1.643090508878231049e-02 1.619575042724609375e+02
-7.504827976226806641e-01 -2.465370297431945801e-02 2.388100326061248779e-02 1.589975692331790924e-02 1.629572601318359375e+02
-7.278363704681396484e-01 -2.406853996217250824e-02 2.467599138617515564e-02 1.534998323768377304e-02 1.639570007324218750e+02
-7.043659687042236328e-01 -2.345385774970054626e-02 2.544349059462547302e-02 1.478438358753919601e-02 1.649567260742187500e+02
-6.800975203514099121e-01 -2.281298674643039703e-02 2.618270926177501678e-02 1.420288346707820892e-02 1.659564361572265625e+02
-6.550580859184265137e-01 -2.214957587420940399e-02 2.689285390079021454e-02 1.360429730266332626e-02 1.669561157226562500e+02
-6.292755603790283203e-01 -2.145931310951709747e-02 2.757306955754756927e-02 1.299171708524227142e-02 1.679557800292968750e+02
-6.027785539627075195e-01 -2.074539102613925934e-02 2.822265587747097015e-02 1.236511301249265671e-02 1.689554290771484375e+02
-5.755965113639831543e-01 -2.001023106276988983e-02 2.884091064333915710e-02 1.172416005283594131e-02 1.699550628662109375e+02
-5.477597117424011230e-01 -1.925055310130119324e-02 2.942711859941482544e-02 1.107182633131742477e-02 1.709546813964843750e+02
-5.192989706993103027e-01 -1.847291365265846252e-02 2.998070977628231049e-02 1.040600053966045380e-02 1.719542694091796875e+02
-4.902459979057312012e-01 -1.767613179981708527e-02 3.050100989639759064e-02 9.727611206471920013e-03 1.729538421630859375e+02
-4.606330990791320801e-01 -1.685682311654090881e-02 3.098739124834537506e-02 9.039771743118762970e-03 1.739533996582031250e+02
-4.304931163787841797e-01 -1.601806841790676117e-02 3.143937885761260986e-02 8.342969231307506561e-03 1.749529418945312500e+02
-3.998594284057617188e-01 -1.516474410891532898e-02 3.185652568936347961e-02 7.635795045644044876e-03 1.759524688720703125e+02
-3.687661290168762207e-01 -1.429361384361982346e-02 3.223831579089164734e-02 6.920818705111742020e-03 1.769519805908203125e+02
-3.372476994991302490e-01 -1.340754050761461258e-02 3.258435800671577454e-02 6.198019720613956451e-03 1.779514770507812500e+02
-3.053391277790069580e-01 -1.250705122947692871e-02 3.289425745606422424e-02 5.468274001032114029e-03 1.789509735107421875e+02
-2.730758190155029297e-01 -1.159188058227300644e-02 3.316767141222953796e-02 4.733182024210691452e-03 1.799504547119140625e+02
-2.404935061931610107e-01 -1.066468004137277603e-02 3.340433165431022644e-02 3.992898389697074890e-03 1.809499206542968750e+02
-2.076283246278762817e-01 -9.726395830512046814e-03 3.360397741198539734e-02 3.248139284551143646e-03 1.819493865966796875e+02
-1.745167225599288940e-01 -8.777886629104614258e-03 3.376638516783714294e-02 2.499682828783988953e-03 1.829488372802734375e+02
-1.411954015493392944e-01 -7.821237668395042419e-03 3.389136865735054016e-02 1.747477799654006958e-03 1.839482879638671875e+02
-1.077013611793518066e-01 -6.852716207504272461e-03 3.397874161601066589e-02 9.950218955054879189e-04 1.849477233886718750e+02
-7.407159358263015747e-02 -5.879516713321208954e-03 3.402849286794662476e-02 2.402564859949052334e-04 1.859471588134765625e+02
-4.034347459673881531e-02 -4.900317639112472534e-03 3.404050692915916443e-02 -5.154415848664939404e-04 1.869465942382812500e+02
-6.554417312145233154e-03 -3.912193700671195984e-03 3.401473537087440491e-02 -1.268749590963125229e-03 1.879460296630859375e+02
2.725826203823089600e-02 -2.923263702541589737e-03 3.395129740238189697e-02 -2.022255212068557739e-03 1.889454650878906250e+02
6.105695664882659912e-02 -1.928145182318985462e-03 3.385018557310104370e-02 -2.772008534520864487e-03 1.899449005126953125e+02
9.480433166027069092e-02 -9.329979075118899345e-04 3.371158614754676819e-02 -3.519466845318675041e-03 1.909443359375000000e+02
1.284629106521606445e-01 6.228405982255935669e-05 3.353561460971832275e-02 -4.263766575604677200e-03 1.919437713623046875e+02
1.619953513145446777e-01 1.059306203387677670e-03 3.332242742180824280e-02 -5.002665333449840546e-03 1.929432067871093750e+02
1.953645497560501099e-01 2.053130185231566429e-03 3.307229280471801758e-02 -5.737363826483488083e-03 1.939426574707031250e+02
2.285334169864654541e-01 3.048660699278116226e-03 3.278542309999465942e-02 -6.463808007538318634e-03 1.949421081542968750e+02
2.614653110504150391e-01 4.038257058709859848e-03 3.246223181486129761e-02 -7.184147834777832031e-03 1.959415588378906250e+02
2.941236495971679688e-01 5.022338125854730606e-03 3.210302442312240601e-02 -7.897566072642803192e-03 1.969410247802734375e+02
3.264721632003784180e-01 6.004577502608299255e-03 3.170814737677574158e-02 -8.600560948252677917e-03 1.979405059814453125e+02
3.584750890731811523e-01 6.978183053433895111e-03 3.127811849117279053e-02 -9.294873103499412537e-03 1.989399871826171875e+02
3.900968432426452637e-01 7.944872602820396423e-03 3.081337548792362213e-02 -9.978598915040493011e-03 1.999394836425781250e+02
4.213024079799652100e-01 8.902784436941146851e-03 3.031444549560546875e-02 -1.065126433968544006e-02 2.009389953613281250e+02
4.520571529865264893e-01 9.850502945482730865e-03 2.978188171982765198e-02 -1.131240464746952057e-02 2.019385223388671875e+02
4.823269248008728027e-01 1.078735571354627609e-02 2.921626158058643341e-02 -1.196124311536550522e-02 2.029380645751953125e+02
5.120781660079956055e-01 1.171123515814542770e-02 2.861819975078105927e-02 -1.259792502969503403e-02 2.039376220703125000e+02
5.412777662277221680e-01 1.262502837926149368e-02 2.798830345273017883e-02 -1.321966666728258133e-02 2.049371948242187500e+02
5.698934197425842285e-01 1.352494861930608749e-02 2.732731960713863373e-02 -1.382669713348150253e-02 2.059367828369140625e+02
5.978933572769165039e-01 1.440811064094305038e-02 2.663598395884037018e-02 -1.441966928541660309e-02 2.069363861083984375e+02
6.252463459968566895e-01 1.527941133826971054e-02 2.591500058770179749e-02 -1.499471161514520645e-02 2.079360046386718750e+02
6.519221663475036621e-01 1.612956076860427856e-02 2.516526542603969574e-02 -1.555537804961204529e-02 2.089356536865234375e+02
6.778910160064697266e-01 1.696637645363807678e-02 2.438749745488166809e-02 -1.609676145017147064e-02 2.099353179931640625e+02
7.031241655349731445e-01 1.778096891939640045e-02 2.358265966176986694e-02 -1.662205159664154053e-02 2.109349975585937500e+02
7.275934219360351562e-01 1.857858896255493164e-02 2.275155670940876007e-02 -1.712783798575401306e-02 2.119346923828125000e+02
7.512717247009277344e-01 1.935485191643238068e-02 2.189516462385654449e-02 -1.761499606072902679e-02 2.129344177246093750e+02
7.741326689720153809e-01 2.010848931968212128e-02 2.101441472768783569e-02 -1.808362267911434174e-02 2.139341583251953125e+02
7.961507439613342285e-01 2.084220200777053833e-02 2.011023275554180145e-02 -1.853137835860252380e-02 2.149339141845703125e+02
8.173015117645263672e-01 2.155297994613647461e-02 1.918366365134716034e-02 -1.895844750106334686e-02 2.159336853027343750e+02
8.375614285469055176e-01 2.223925665020942688e-02 1.823574118316173553e-02 -1.936483755707740784e-02 2.169334869384765625e+02
8.569079637527465820e-01 2.290178649127483368e-02 1.726749911904335022e-02 -1.974931731820106506e-02 2.179333038330078125e+02
8.753195405006408691e-01 2.353852242231369019e-02 1.628003269433975220e-02 -2.011202089488506317e-02 2.189331359863281250e+02
8.927755951881408691e-01 2.414895035326480865e-02 1.527443155646324158e-02 -2.045256085693836212e-02 2.199329833984375000e+02
9.092567563056945801e-01 2.473363094031810760e-02 1.425180397927761078e-02 -2.076979540288448334e-02 2.209328460693359375e+02
9.247446060180664062e-01 2.528903074562549591e-02 1.321331411600112915e-02 -2.106493525207042694e-02 2.219327239990234375e+02
9.392218589782714844e-01 2.581801265478134155e-02 1.216006744652986526e-02 -2.133599482476711273e-02 2.229326171875000000e+02
9.526724219322204590e-01 2.631704136729240417e-02 1.109326817095279694e-02 -2.158407866954803467e-02 2.239325256347656250e+02
9.650812149047851562e-01 2.678908407688140869e-02 1.001406461000442505e-02 -2.180699072778224945e-02 2.249324493408203125e+02
9.764344692230224609e-01 2.723037824034690857e-02 8.923714980483055115e-03 -2.200576663017272949e-02 2.259323883056640625e+02
9.867195487022399902e-01 2.764042653143405914e-02 7.823426276445388794e-03 -2.218045480549335480e-02 2.269323425292968750e+02
9.959248900413513184e-01 2.801943384110927582e-02 6.714403629302978516e-03 -2.233075536787509918e-02 2.279322967529296875e+02
1.004040241241455078e+00 2.836894616484642029e-02 5.597865674644708633e-03 -2.245525456964969635e-02 2.289322662353515625e+02
1.011056542396545410e+00 2.868602424860000610e-02 4.475102759897708893e-03 -2.255482599139213562e-02 2.299322357177734375e+02
1.016965866088867188e+00 2.897049300372600555e-02 3.347361460328102112e-03 -2.262944541871547699e-02 2.309322204589843750e+02
1.021761775016784668e+00 2.922248281538486481e-02 2.215889282524585724e-03 -2.267890237271785736e-02 2.319322052001953125e+02
1.025438785552978516e+00 2.944163978099822998e-02 1.081944094039499760e-03 -2.270322665572166443e-02 2.329322052001953125e+02
1.027992844581604004e+00 2.962941303849220276e-02 -5.321728531271219254e-05 -2.270127274096012115e-02 2.339322052001953125e+02
1.029421091079711914e+00 2.978167682886123657e-02 -1.188280992209911346e-03 -2.267505973577499390e-02 2.349322052001953125e+02
1.029721856117248535e+00 2.990199252963066101e-02 -2.322033978998661041e-03 -2.262293919920921326e-02 2.359322052001953125e+02
1.028894901275634766e+00 2.998854592442512512e-02 -3.453181125223636627e-03 -2.254557609558105469e-02 2.369322052001953125e+02
1.026941180229187012e+00 3.004152327775955200e-02 -4.580460023134946823e-03 -2.244290709495544434e-02 2.379322052001953125e+02
1.023862838745117188e+00 3.005903214216232300e-02 -5.702605471014976501e-03 -2.231628261506557465e-02 2.389322052001953125e+02
1.019663214683532715e+00 3.004478476941585541e-02 -6.818419788032770157e-03 -2.216403931379318237e-02 2.399321899414062500e+02
1.014347076416015625e+00 2.999695576727390289e-02 -7.926621474325656891e-03 -2.198689989745616913e-02 2.409321746826171875e+02
1.007920384407043457e+00 2.991412207484245300e-02 -9.025966748595237732e-03 -2.178601920604705811e-02 2.419321594238281250e+02
1.000390172004699707e+00 2.979966253042221069e-02 -1.011526770889759064e-02 -2.155992947518825531e-02 2.429321289062500000e+02
9.917649626731872559e-01 2.964915521442890167e-02 -1.119326427578926086e-02 -2.131129615008831024e-02 2.439320983886718750e+02
9.820542931556701660e-01 2.946985512971878052e-02 -1.225882954895496368e-02 -2.103659883141517639e-02 2.449320526123046875e+02
9.712691307067871094e-01 2.925327233970165253e-02 -1.331065967679023743e-02 -2.074035629630088806e-02 2.459319915771484375e+02
9.594213962554931641e-01 2.900494821369647980e-02 -1.434767711907625198e-02 -2.042092941701412201e-02 2.469319152832031250e+02
9.465243220329284668e-01 2.872726507484912872e-02 -1.536872331053018570e-02 -2.007691748440265656e-02 2.479318389892578125e+02
9.325923919677734375e-01 2.841320633888244629e-02 -1.637256890535354614e-02 -1.971245557069778442e-02 2.489317474365234375e+02
9.176410436630249023e-01 2.806659415364265442e-02 -1.735819131135940552e-02 -1.932727918028831482e-02 2.499316406250000000e+02
9.016868472099304199e-01 2.769445627927780151e-02 -1.832455582916736603e-02 -1.891776919364929199e-02 2.509315185546875000e+02
8.847478032112121582e-01 2.728478796780109406e-02 -1.927044428884983063e-02 -1.849069632589817047e-02 2.519313812255859375e+02
8.668425083160400391e-01 2.685231901705265045e-02 -2.019497938454151154e-02 -1.803938858211040497e-02 2.529312286376953125e+02
8.479912281036376953e-01 2.638309821486473083e-02 -2.109694853425025940e-02 -1.757132820785045624e-02 2.539310455322265625e+02
8.282147049903869629e-01 2.589123696088790894e-02 -2.197551541030406952e-02 -1.708036288619041443e-02 2.549308471679687500e+02
8.075352311134338379e-01 2.536755986511707306e-02 -2.282953262329101562e-02 -1.657102070748806000e-02 2.559306335449218750e+02
7.859757542610168457e-01 2.481242269277572632e-02 -2.365808375179767609e-02 -1.604504324495792389e-02 2.569303894042968750e+02
7.635601758956909180e-01 2.423166111111640930e-02 -2.446033619344234467e-02 -1.550080254673957825e-02 2.579301452636718750e+02
7.403134703636169434e-01 2.362324483692646027e-02 -2.523537725210189819e-02 -1.494016125798225403e-02 2.589298706054687500e+02
7.162615656852722168e-01 2.298904210329055786e-02 -2.598238550126552582e-02 -1.436339691281318665e-02 2.599295959472656250e+02
6.914311647415161133e-01 2.232960239052772522e-02 -2.670055627822875977e-02 -1.377133466303348541e-02 2.609292907714843750e+02
6.658498644828796387e-01 2.164831385016441345e-02 -2.738912217319011688e-02 -1.316293515264987946e-02 2.619289550781250000e+02
6.395461559295654297e-01 2.094363421201705933e-02 -2.804726921021938324e-02 -1.253940816968679428e-02 2.629286193847656250e+02
6.125493049621582031e-01 2.021319046616554260e-02 -2.867423929274082184e-02 -1.190337073057889938e-02 2.639282531738281250e+02
5.848892331123352051e-01 1.946286670863628387e-02 -2.926940843462944031e-02 -1.125312224030494690e-02 2.649278564453125000e+02
5.565967559814453125e-01 1.869359798729419708e-02 -2.983206510543823242e-02 -1.058834698051214218e-02 2.659274597167968750e+02
5.277034044265747070e-01 1.789679750800132751e-02 -3.036148287355899811e-02 -9.915105998516082764e-03 2.669270324707031250e+02
4.982410073280334473e-01 1.708628609776496887e-02 -3.085723891854286194e-02 -9.227938018739223480e-03 2.679266052246093750e+02
4.682425856590270996e-01 1.624901965260505676e-02 -3.131863474845886230e-02 -8.534903638064861298e-03 2.689261474609375000e+02
4.377411305904388428e-01 1.539846602827310562e-02 -3.174538165330886841e-02 -7.831480354070663452e-03 2.699256896972656250e+02
4.067706167697906494e-01 1.453386526554822922e-02 -3.213695436716079712e-02 -7.118151523172855377e-03 2.709252014160156250e+02
3.753655254840850830e-01 1.365078333765268326e-02 -3.249286115169525146e-02 -6.398352328687906265e-03 2.719247131347656250e+02
3.435605764389038086e-01 1.275619491934776306e-02 -3.281277790665626526e-02 -5.669789388775825500e-03 2.729241943359375000e+02
3.113911449909210205e-01 1.184753701090812683e-02 -3.309626877307891846e-02 -4.934308584779500961e-03 2.739236755371093750e+02
2.788929641246795654e-01 1.092033274471759796e-02 -3.334298357367515564e-02 -4.196401685476303101e-03 2.749231567382812500e+02
2.461018711328506470e-01 9.984623640775680542e-03 -3.355280309915542603e-02 -3.453003941103816032e-03 2.759226074218750000e+02
2.130543142557144165e-01 9.038269519805908203e-03 -3.372545167803764343e-02 -2.705992665141820908e-03 2.769220581054687500e+02
1.797869056463241577e-01 8.086171001195907593e-03 -3.386075049638748169e-02 -1.953467261046171188e-03 2.779215087890625000e+02
1.463367044925689697e-01 7.119848858565092087e-03 -3.395842388272285461e-02 -1.201052218675613403e-03 2.789209594726562500e+02
1.127405911684036255e-01 6.144030019640922546e-03 -3.401847556233406067e-02 -4.491678555496037006e-04 2.799204101562500000e+02
7.903569936752319336e-02 5.168777890503406525e-03 -3.404093533754348755e-02 3.066246281377971172e-04 2.809198303222656250e+02
4.525962844491004944e-02 4.186629317700862885e-03 -3.402560576796531677e-02 1.062523573637008667e-03 2.819192504882812500e+02
1.144979521632194519e-02 3.194850403815507889e-03 -3.397247940301895142e-02 1.814828487113118172e-03 2.829186706542968750e+02
-2.235649898648262024e-02 2.204275224357843399e-03 -3.388173878192901611e-02 2.567452844232320786e-03 2.839180908203125000e+02
-5.612160637974739075e-02 1.209900598041713238e-03 -3.375336527824401855e-02 3.317282767966389656e-03 2.849175109863281250e+02
-8.980810642242431641e-02 2.120540011674165726e-04 -3.358750045299530029e-02 4.062606953084468842e-03 2.859169311523437500e+02
-1.233786940574645996e-01 -7.875328883528709412e-04 -3.338437154889106750e-02 4.802211187779903412e-03 2.869163818359375000e+02
-1.567962169647216797e-01 -1.786039210855960846e-03 -3.314426168799400330e-02 5.535689182579517365e-03 2.879158325195312500e+02
-1.900236606597900391e-01 -2.779171336442232132e-03 -3.286747634410858154e-02 6.264274474233388901e-03 2.889152832031250000e+02
-2.230241000652313232e-01 -3.771513700485229492e-03 -3.255426138639450073e-02 6.984470412135124207e-03 2.899147338867187500e+02
-2.557610869407653809e-01 -4.754524677991867065e-03 -3.220503777265548706e-02 7.699670735746622086e-03 2.909141845703125000e+02
-2.881981730461120605e-01 -5.732367746531963348e-03 -3.182005509734153748e-02 8.407677523791790009e-03 2.919136657714843750e+02
-3.202993273735046387e-01 -6.712320260703563690e-03 -3.139967098832130432e-02 9.102262556552886963e-03 2.929131469726562500e+02
-3.520292937755584717e-01 -7.676152512431144714e-03 -3.094455786049365997e-02 9.791195392608642578e-03 2.939126586914062500e+02
-3.833525478839874268e-01 -8.638693019747734070e-03 -3.045499883592128754e-02 1.046629343181848526e-02 2.949121704101562500e+02
-4.142345786094665527e-01 -9.587690234184265137e-03 -2.993168495595455170e-02 1.113185193389654160e-02 2.959116821289062500e+02
-4.446409642696380615e-01 -1.052620913833379745e-02 -2.937509305775165558e-02 1.178600359708070755e-02 2.969112243652343750e+02
-4.745379090309143066e-01 -1.145875640213489532e-02 -2.878579311072826385e-02 1.242442615330219269e-02 2.979107666015625000e+02
-5.038924217224121094e-01 -1.237552054226398468e-02 -2.816457115113735199e-02 1.305026374757289886e-02 2.989103393554687500e+02
-5.326718091964721680e-01 -1.327769272029399872e-02 -2.751205861568450928e-02 1.366251520812511444e-02 2.999099121093750000e+02
-5.608440041542053223e-01 -1.416784059256315231e-02 -2.682893350720405579e-02 1.425855420529842377e-02 3.009095153808593750e+02
-5.883778333663940430e-01 -1.504025422036647797e-02 -2.611600607633590698e-02 1.484003383666276932e-02 3.019091491699218750e+02
-6.152426004409790039e-01 -1.590100489556789398e-02 -2.537400461733341217e-02 1.540233567357063293e-02 3.029087829589843750e+02
-6.414086818695068359e-01 -1.673969998955726624e-02 -2.460388839244842529e-02 1.594930887222290039e-02 3.039084472656250000e+02
-6.668468117713928223e-01 -1.756130158901214600e-02 -2.380642294883728027e-02 1.647797785699367523e-02 3.049081115722656250e+02
-6.915287971496582031e-01 -1.835938170552253723e-02 -2.298252470791339874e-02 1.699109748005867004e-02 3.059078063964843750e+02
-7.154270410537719727e-01 -1.914309151470661163e-02 -2.213297039270401001e-02 1.748302951455116272e-02 3.069075317382812500e+02
-7.385151386260986328e-01 -1.990366913378238678e-02 -2.125881984829902649e-02 1.795648224651813507e-02 3.079072570800781250e+02
-7.607673406600952148e-01 -2.064160816371440887e-02 -2.036099508404731750e-02 1.841082051396369934e-02 3.089070129394531250e+02
-7.821587920188903809e-01 -2.136044763028621674e-02 -1.944045349955558777e-02 1.884291134774684906e-02 3.099067993164062500e+02
-8.026658296585083008e-01 -2.205294184386730194e-02 -1.849830709397792816e-02 1.925524324178695679e-02 3.109065856933593750e+02
-8.222655653953552246e-01 -2.272189408540725708e-02 -1.753554493188858032e-02 1.964593678712844849e-02 3.119064025878906250e+02
-8.409361243247985840e-01 -2.336684614419937134e-02 -1.655324734747409821e-02 2.001403830945491791e-02 3.129062194824218750e+02
-8.586568236351013184e-01 -2.398318797349929810e-02 -1.555254496634006500e-02 2.036131918430328369e-02 3.139060668945312500e+02
-8.754077553749084473e-01 -2.457419969141483307e-02 -1.453447900712490082e-02 2.068577520549297333e-02 3.149059143066406250e+02
-8.911703228950500488e-01 -2.513826638460159302e-02 -1.350019033998250961e-02 2.098730765283107758e-02 3.159057922363281250e+02
-9.059268832206726074e-01 -2.567618712782859802e-02 -1.245082542300224304e-02 2.126450650393962860e-02 3.169056701660156250e+02
-9.196611046791076660e-01 -2.618434280157089233e-02 -1.138759963214397430e-02 2.151838131248950958e-02 3.179055786132812500e+02
-9.323576092720031738e-01 -2.666337601840496063e-02 -1.031168084591627121e-02 2.174820750951766968e-02 3.189054870605468750e+02
-9.440022110939025879e-01 -2.711225859820842743e-02 -9.224270470440387726e-03 2.195403166115283966e-02 3.199054260253906250e+02
-9.545819163322448730e-01 -2.753164246678352356e-02 -8.126568980515003204e-03 2.213498577475547791e-02 3.209053649902343750e+02
-9.640849232673645020e-01 -2.791996113955974579e-02 -7.019819691777229309e-03 2.229129523038864136e-02 3.219053344726562500e+02
-9.725006222724914551e-01 -2.827638946473598480e-02 -5.905254743993282318e-03 2.242314629256725311e-02 3.229053039550781250e+02
-9.798196554183959961e-01 -2.860280871391296387e-02 -4.784097429364919662e-03 2.252908423542976379e-02 3.239052734375000000e+02
-9.860338568687438965e-01 -2.889521792531013489e-02 -3.657643217593431473e-03 2.261082082986831665e-02 3.249052429199218750e+02
-9.911362528800964355e-01 -2.915524877607822418e-02 -2.527102129533886909e-03 2.266770973801612854e-02 3.259052429199218750e+02
-9.951211214065551758e-01 -2.938457019627094269e-02 -1.393716665916144848e-03 2.269843406975269318e-02 3.269052429199218750e+02
-9.979840517044067383e-01 -2.957989834249019623e-02 -2.587949857115745544e-04 2.270428836345672607e-02 3.279052429199218750e+02
-9.997218251228332520e-01 -2.974276058375835419e-02 8.764194790273904800e-04 2.268445864319801331e-02 3.289052429199218750e+02
-1.000332593917846680e+00 -2.987103350460529327e-02 2.010642550885677338e-03 2.264003269374370575e-02 3.299052429199218750e+02
-9.998155236244201660e-01 -2.996640466153621674e-02 3.142644185572862625e-03 2.257033810019493103e-02 3.309052429199218750e+02
-9.981712102890014648e-01 -3.003002144396305084e-02 4.271161276847124100e-03 2.247440628707408905e-02 3.319052429199218750e+02
-9.954015612602233887e-01 -3.005800768733024597e-02 5.394881591200828552e-03 2.235419116914272308e-02 3.329052429199218750e+02
-9.915095567703247070e-01 -3.005255572497844696e-02 6.512591149657964706e-03 2.220902964472770691e-02 3.339052429199218750e+02
-9.864996075630187988e-01 -3.001399710774421692e-02 7.623042911291122437e-03 2.203878574073314667e-02 3.349052429199218750e+02
-9.803773164749145508e-01 -2.994230762124061584e-02 8.724981918931007385e-03 2.184344083070755005e-02 3.359052124023437500e+02
-9.731494784355163574e-01 -2.983527258038520813e-02 9.817154146730899811e-03 2.162452973425388336e-02 3.369051818847656250e+02
-9.648241996765136719e-01 -2.969566173851490021e-02 1.089838054031133652e-02 2.138116210699081421e-02 3.379051513671875000e+02
-9.554107189178466797e-01 -2.952197007834911346e-02 1.196743827313184738e-02 2.111444994807243347e-02 3.389051208496093750e+02
-9.449195861816406250e-01 -2.931557036936283112e-02 1.302316039800643921e-02 2.082424610853195190e-02 3.399050598144531250e+02
-9.333624243736267090e-01 -2.907683886587619781e-02 1.406437251716852188e-02 2.051070518791675568e-02 3.409049987792968750e+02
-9.207522273063659668e-01 -2.880631946027278900e-02 1.508990768343210220e-02 2.017382532358169556e-02 3.419049072265625000e+02
-9.071030616760253906e-01 -2.850288711488246918e-02 1.609859988093376160e-02 1.981463842093944550e-02 3.429048156738281250e+02
-8.924301266670227051e-01 -2.816583402454853058e-02 1.708933152258396149e-02 1.943453773856163025e-02 3.439047241210937500e+02
-8.767496943473815918e-01 -2.779835835099220276e-02 1.806105859577655792e-02 1.903282478451728821e-02 3.449046020507812500e+02
-8.600792884826660156e-01 -2.740200795233249664e-02 1.901270076632499695e-02 1.860889606177806854e-02 3.459044494628906250e+02
-8.424375653266906738e-01 -2.697543054819107056e-02 1.994314603507518768e-02 1.816359534859657288e-02 3.469042968750000000e+02
-8.238442540168762207e-01 -2.651342749595642090e-02 2.085132524371147156e-02 1.770113036036491394e-02 3.479041137695312500e+02
-8.043197989463806152e-01 -2.602717280387878418e-02 2.173638157546520233e-02 1.721693389117717743e-02 3.489039306640625000e+02
-7.838861942291259766e-01 -2.551100775599479675e-02 2.259722910821437836e-02 1.671387813985347748e-02 3.499037170410156250e+02
-7.625660896301269531e-01 -2.496629953384399414e-02 2.343292348086833954e-02 1.619231887161731720e-02 3.509035034179687500e+02
-7.403832674026489258e-01 -2.439193055033683777e-02 2.424253895878791809e-02 1.565414480865001678e-02 3.519032592773437500e+02
-7.173623442649841309e-01 -2.379329316318035126e-02 2.502524666488170624e-02 1.509758830070495605e-02 3.529029846191406250e+02
-6.935290098190307617e-01 -2.316852100193500519e-02 2.578012645244598389e-02 1.452400628477334976e-02 3.539027099609375000e+02
-6.689097881317138672e-01 -2.251575142145156860e-02 2.650632709264755249e-02 1.393570471554994583e-02 3.549024047851562500e+02
-6.435319781303405762e-01 -2.184118889272212982e-02 2.720311284065246582e-02 1.333057228475809097e-02 3.559020690917968750e+02
-6.174238920211791992e-01 -2.114230208098888397e-02 2.786964178085327148e-02 1.271033100783824921e-02 3.569017333984375000e+02
-5.906145572662353516e-01 -2.041798830032348633e-02 2.850515767931938171e-02 1.207695063203573227e-02 3.579013671875000000e+02
-5.631337165832519531e-01 -1.967061124742031097e-02 2.910900488495826721e-02 1.143091078847646713e-02 3.589010009765625000e+02
-5.350119471549987793e-01 -1.890028268098831177e-02 2.968055009841918945e-02 1.077383570373058319e-02 3.599006042480468750e+02
-5.062803626060485840e-01 -1.811408065259456635e-02 3.021924197673797607e-02 1.010295748710632324e-02 3.609001770019531250e+02
-4.769710004329681396e-01 -1.731119118630886078e-02 3.072438947856426239e-02 9.418300352990627289e-03 3.618997497558593750e+02
-4.471166133880615234e-01 -1.647971384227275848e-02 3.119530528783798218e-02 8.727936074137687683e-03 3.628992919921875000e+02
-4.167499542236328125e-01 -1.563906110823154449e-02 3.163170069456100464e-02 8.023675531148910522e-03 3.638988342285156250e+02
-3.859050869941711426e-01 -1.477194577455520630e-02 3.203288465738296509e-02 7.315405644476413727e-03 3.648983459472656250e+02
-3.546158969402313232e-01 -1.389767788350582123e-02 3.239865601062774658e-02 6.595035549253225327e-03 3.658978576660156250e+02
-3.229174315929412842e-01 -1.300155278295278549e-02 3.272840753197669983e-02 5.870717577636241913e-03 3.668973693847656250e+02
-2.908445894718170166e-01 -1.209514960646629333e-02 3.302194178104400635e-02 5.138642154633998871e-03 3.678968505859375000e+02
-2.584330737590789795e-01 -1.117424108088016510e-02 3.327887505292892456e-02 4.401855170726776123e-03 3.688963317871093750e+02
-2.257187366485595703e-01 -1.024522259831428528e-02 3.349896892905235291e-02 3.658034373074769974e-03 3.698957824707031250e+02
-1.927380114793777466e-01 -9.304486215114593506e-03 3.368186950683593750e-02 2.909462666139006615e-03 3.708952331542968750e+02
-1.595274657011032104e-01 -8.347169496119022369e-03 3.382734209299087524e-02 2.161030657589435577e-03 3.718946838378906250e+02
-1.261236965656280518e-01 -7.386840879917144775e-03 3.393539413809776306e-02 1.407538773491978645e-03 3.728941345214843750e+02
-9.256394207477569580e-02 -6.415404845029115677e-03 3.400577232241630554e-02 6.537821609526872635e-04 3.738935852050781250e+02
-5.888530611991882324e-02 -5.433739162981510162e-03 3.403846174478530884e-02 -9.804015280678868294e-05 3.748930053710937500e+02
-2.512494102120399475e-02 -4.456690512597560883e-03 3.403355926275253296e-02 -8.550795610062777996e-04 3.758924255371093750e+02
8.679337799549102783e-03 -3.469124669209122658e-03 3.399080410599708557e-02 -1.609617960639297962e-03 3.768918457031250000e+02
4.249024018645286560e-02 -2.477658912539482117e-03 3.391032293438911438e-02 -2.362731611356139183e-03 3.778912658691406250e+02
7.627025246620178223e-02 -1.478444784879684448e-03 3.379218652844429016e-02 -3.110195975750684738e-03 3.788906860351562500e+02
1.099821329116821289e-01 -4.851045086979866028e-04 3.363667801022529602e-02 -3.857688512653112411e-03 3.798901062011718750e+02
1.435882300138473511e-01 5.127632757648825645e-04 3.344379365444183350e-02 -4.599403589963912964e-03 3.808895263671875000e+02
1.770514249801635742e-01 1.512022456154227257e-03 3.321382403373718262e-02 -5.334411747753620148e-03 3.818889770507812500e+02
2.103347033262252808e-01 2.506940159946680069e-03 3.294710442423820496e-02 -6.064120214432477951e-03 3.828884277343750000e+02
2.434011250734329224e-01 3.496721852570772171e-03 3.264389932155609131e-02 -6.788426544517278671e-03 3.838878784179687500e+02
2.762139737606048584e-01 4.485812038183212280e-03 3.230447694659233093e-02 -7.503698579967021942e-03 3.848873291015625000e+02
3.087370097637176514e-01 5.465022288262844086e-03 3.192929178476333618e-02 -8.213541470468044281e-03 3.858868103027343750e+02
3.409339785575866699e-01 6.442647427320480347e-03 3.151861578226089478e-02 -8.912836201488971710e-03 3.868862915039062500e+02
3.727693557739257812e-01 7.414314895868301392e-03 3.107297420501708984e-02 -9.601506404578685760e-03 3.878857727050781250e+02
4.042078554630279541e-01 8.372011594474315643e-03 3.059289976954460144e-02 -1.028316374868154526e-02 3.888852844238281250e+02
4.352144002914428711e-01 9.328857064247131348e-03 3.007874079048633575e-02 -1.094980724155902863e-02 3.898847961425781250e+02
4.657548367977142334e-01 1.026963535696268082e-02 2.953124977648258209e-02 -1.160731259733438492e-02 3.908843383789062500e+02
4.957950413227081299e-01 1.120551023632287979e-02 2.895088493824005127e-02 -1.224888209253549576e-02 3.918838806152343750e+02
5.253019332885742188e-01 1.212208438664674759e-02 2.833844162523746490e-02 -1.288055162876844406e-02 3.928834533691406250e+02
5.542424321174621582e-01 1.303264871239662170e-02 2.769441343843936920e-02 -1.349460426717996597e-02 3.938830261230468750e+02
5.825846791267395020e-01 1.392271462827920914e-02 2.701968327164649963e-02 -1.409685518592596054e-02 3.948826293945312500e+02
6.102969646453857422e-01 1.480409409850835800e-02 2.631483972072601318e-02 -1.468028966337442398e-02 3.958822326660156250e+02
6.373487114906311035e-01 1.566368713974952698e-02 2.558082528412342072e-02 -1.525002624839544296e-02 3.968818664550781250e+02
6.637097001075744629e-01 1.650802046060562134e-02 2.481832355260848999e-02 -1.580246537923812866e-02 3.978815307617187500e+02
6.893506050109863281e-01 1.733685284852981567e-02 2.402820065617561340e-02 -1.633586920797824860e-02 3.988811950683593750e+02
7.142431139945983887e-01 1.814460009336471558e-02 2.321140654385089874e-02 -1.685173436999320984e-02 3.998808898925781250e+02
7.383594512939453125e-01 1.893192715942859650e-02 2.236882038414478302e-02 -1.734910532832145691e-02 4.008805847167968750e+02
7.616727948188781738e-01 1.969634555280208588e-02 2.150136604905128479e-02 -1.782874763011932373e-02 4.018803100585937500e+02
7.841570973396301270e-01 2.044238336384296417e-02 2.060992829501628876e-02 -1.828738301992416382e-02 4.028800659179687500e+02
8.057874441146850586e-01 2.116591483354568481e-02 1.969555951654911041e-02 -1.872553676366806030e-02 4.038798217773437500e+02
8.265398144721984863e-01 2.186378464102745056e-02 1.875928230583667755e-02 -1.914430223405361176e-02 4.048796081542968750e+02
8.463909626007080078e-01 2.253969013690948486e-02 1.780206710100173950e-02 -1.954111456871032715e-02 4.058794250488281250e+02
8.653188943862915039e-01 2.319174818694591522e-02 1.682501100003719330e-02 -1.991551183164119720e-02 4.068792419433593750e+02
8.833025097846984863e-01 2.381567843258380890e-02 1.582923531532287598e-02 -2.026905305683612823e-02 4.078790893554687500e+02
9.003217220306396484e-01 2.441632561385631561e-02 1.481578312814235687e-02 -2.059848792850971222e-02 4.088789367675781250e+02
9.163576364517211914e-01 2.498639747500419617e-02 1.378585863858461380e-02 -2.090677246451377869e-02 4.098788146972656250e+02
9.313922524452209473e-01 2.553243190050125122e-02 1.274051982909440994e-02 -2.118998393416404724e-02 4.108786926269531250e+02
9.454089403152465820e-01 2.604779228568077087e-02 1.168102025985717773e-02 -2.145046740770339966e-02 4.118786010742187500e+02
9.583920240402221680e-01 2.653466165065765381e-02 1.060849707573652267e-02 -2.168685197830200195e-02 4.128785095214843750e+02
9.703269600868225098e-01 2.699146792292594910e-02 9.524154476821422577e-03 -2.189938724040985107e-02 4.138784484863281250e+02
9.812004566192626953e-01 2.741932682693004608e-02 8.429185487329959869e-03 -2.208690904080867767e-02 4.148783874511718750e+02
9.910004734992980957e-01 2.781459130346775055e-02 7.324839942157268524e-03 -2.225091867148876190e-02 4.158783264160156250e+02
9.997159242630004883e-01 2.818050794303417206e-02 6.212294101715087891e-03 -2.238951437175273895e-02 4.168782958984375000e+02
1.007337212562561035e+00 2.851573191583156586e-02 5.092818289995193481e-03 -2.250253595411777496e-02 4.178782653808593750e+02
1.013855814933776855e+00 2.881683968007564545e-02 3.967691212892532349e-03 -2.259157970547676086e-02 4.188782348632812500e+02
1.019264340400695801e+00 2.908735163509845734e-02 2.838112181052565575e-03 -2.265477366745471954e-02 4.198782348632812500e+02
1.023556828498840332e+00 2.932465635240077972e-02 1.705373520962893963e-03 -2.269301749765872955e-02 4.208782348632812500e+02
1.026728391647338867e+00 2.952953614294528961e-02 5.707226227968931198e-04 -2.270579151809215546e-02 4.218782348632812500e+02
1.028775572776794434e+00 2.970178239047527313e-02 -5.645669298246502876e-04 -2.269290387630462646e-02 4.228782348632812500e+02
1.029696106910705566e+00 2.983994409441947937e-02 -1.699212123639881611e-03 -2.265501953661441803e-02 4.238782348632812500e+02
1.029488921165466309e+00 2.994542382657527924e-02 -2.831963123753666878e-03 -2.259139344096183777e-02 4.248782348632812500e+02
1.028154253959655762e+00 3.001650981605052948e-02 -3.961532842367887497e-03 -2.250285632908344269e-02 4.258782348632812500e+02
1.025693535804748535e+00 3.005387820303440094e-02 -5.086675751954317093e-03 -2.238928712904453278e-02 4.268782348632812500e+02
1.022109508514404297e+00 3.005627728998661041e-02 -6.206139922142028809e-03 -2.225171029567718506e-02 4.278782348632812500e+02
1.017406225204467773e+00 3.002883307635784149e-02 -7.318725343793630600e-03 -2.208731882274150848e-02 4.288782348632812500e+02
1.011588931083679199e+00 2.996414527297019958e-02 -8.423090912401676178e-03 -2.189986035227775574e-02 4.298782043457031250e+02
1.004664063453674316e+00 2.986824326217174530e-02 -9.518084116280078888e-03 -2.168681100010871887e-02 4.308781738281250000e+02
9.966394901275634766e-01 2.973747439682483673e-02 -1.060242485255002975e-02 -2.145004831254482269e-02 4.318781433105468750e+02
9.875240325927734375e-01 2.957343310117721558e-02 -1.167492754757404327e-02 -2.118934504687786102e-02 4.328781127929687500e+02
9.773279428482055664e-01 2.937539294362068176e-02 -1.273439452052116394e-02 -2.090562321245670319e-02 4.338780517578125000e+02
9.660625457763671875e-01 2.914503030478954315e-02 -1.377967558801174164e-02 -2.059861458837985992e-02 4.348779907226562500e+02
9.537404179573059082e-01 2.888249047100543976e-02 -1.480960659682750702e-02 -2.026860788464546204e-02 4.358779296875000000e+02
9.403753280639648438e-01 2.858528122305870056e-02 -1.582303643226623535e-02 -1.991782523691654205e-02 4.368778381347656250e+02
9.259820580482482910e-01 2.826272137463092804e-02 -1.681892760097980499e-02 -1.954155601561069489e-02 4.378777465820312500e+02
9.105768799781799316e-01 2.790357731282711029e-02 -1.779600605368614197e-02 -1.914557442069053650e-02 4.388776245117187500e+02
8.941767811775207520e-01 2.751353196799755096e-02 -1.875328458845615387e-02 -1.872861012816429138e-02 4.398775024414062500e+02
8.768000602722167969e-01 2.709555067121982574e-02 -1.968971453607082367e-02 -1.828940212726593018e-02 4.408773498535156250e+02
8.584661483764648438e-01 2.664537914097309113e-02 -2.060418389737606049e-02 -1.783059537410736084e-02 4.418771972656250000e+02
8.391954302787780762e-01 2.616540901362895966e-02 -2.149571292102336884e-02 -1.735215447843074799e-02 4.428770141601562500e+02
8.190093636512756348e-01 2.565809898078441620e-02 -2.236331999301910400e-02 -1.685337163507938385e-02 4.438768005371093750e+02
7.979304790496826172e-01 2.512013353407382965e-02 -2.320598810911178589e-02 -1.633673720061779022e-02 4.448765869140625000e+02
7.759822607040405273e-01 2.455100044608116150e-02 -2.402282506227493286e-02 -1.580448448657989502e-02 4.458763427734375000e+02
7.531889677047729492e-01 2.396150119602680206e-02 -2.481304854154586792e-02 -1.525175105780363083e-02 4.468760986328125000e+02
7.295761704444885254e-01 2.334097214043140411e-02 -2.557563595473766327e-02 -1.468437723815441132e-02 4.478758239746093750e+02
7.051699757575988770e-01 2.270100638270378113e-02 -2.630985528230667114e-02 -1.409725099802017212e-02 4.488755187988281250e+02
6.799978017807006836e-01 2.203025668859481812e-02 -2.701471745967864990e-02 -1.349670812487602234e-02 4.498752136230468750e+02
6.540874838829040527e-01 2.133393660187721252e-02 -2.768955379724502563e-02 -1.288251020014286041e-02 4.508748779296875000e+02
6.274677515029907227e-01 2.061665430665016174e-02 -2.833367884159088135e-02 -1.225340832024812698e-02 4.518745117187500000e+02
6.001682877540588379e-01 1.987756974995136261e-02 -2.894634939730167389e-02 -1.161038037389516830e-02 4.528741455078125000e+02
5.722194314002990723e-01 1.911771483719348907e-02 -2.952686883509159088e-02 -1.095364149659872055e-02 4.538737487792968750e+02
5.436522960662841797e-01 1.833334378898143768e-02 -3.007455170154571533e-02 -1.028658635914325714e-02 4.548733520507812500e+02
5.144985318183898926e-01 1.752918213605880737e-02 -3.058888018131256104e-02 -9.608764201402664185e-03 4.558729248046875000e+02
4.847904741764068604e-01 1.670992374420166016e-02 -3.106931783258914948e-02 -8.918362669646739960e-03 4.568724975585937500e+02
4.545612335205078125e-01 1.586708053946495056e-02 -3.151523694396018982e-02 -8.221042342483997345e-03 4.578720397949218750e+02
4.238441586494445801e-01 1.501113921403884888e-02 -3.192628920078277588e-02 -7.513204123824834824e-03 4.588715820312500000e+02
3.926734626293182373e-01 1.414065528661012650e-02 -3.230195119976997375e-02 -6.795717403292655945e-03 4.598710937500000000e+02
3.610838055610656738e-01 1.325135026127099991e-02 -3.264173865318298340e-02 -6.072129122912883759e-03 4.608706054687500000e+02
3.291100859642028809e-01 1.235018204897642136e-02 -3.294534608721733093e-02 -5.340367555618286133e-03 4.618700866699218750e+02
2.967878580093383789e-01 1.143549848347902298e-02 -3.321236371994018555e-02 -4.601929336786270142e-03 4.628695678710937500e+02
2.641530632972717285e-01 1.050211116671562195e-02 -3.344246000051498413e-02 -3.861748380586504936e-03 4.638690490722656250e+02
2.312416434288024902e-01 9.562730789184570312e-03 -3.363554924726486206e-02 -3.115146420896053314e-03 4.648684997558593750e+02
1.980902999639511108e-01 8.610192686319351196e-03 -3.379130735993385315e-02 -2.366577740758657455e-03 4.658679504394531250e+02
1.647356897592544556e-01 7.652137894183397293e-03 -3.390963748097419739e-02 -1.613422762602567673e-03 4.668674011230468750e+02
1.312149316072463989e-01 6.682394538074731827e-03 -3.399030864238739014e-02 -8.599311695434153080e-04 4.678668518066406250e+02
9.756509214639663696e-02 5.702597089111804962e-03 -3.403330594301223755e-02 -1.078950008377432823e-04 4.688662719726562500e+02
6.382331997156143188e-02 4.725318867713212967e-03 -3.403870016336441040e-02 6.484390469267964363e-04 4.698656921386718750e+02
3.002731874585151672e-02 3.739600069820880890e-03 -3.400627896189689636e-02 1.403440721333026886e-03 4.708651123046875000e+02
-3.785535693168640137e-03 2.748289145529270172e-03 -3.393610566854476929e-02 2.156462753191590309e-03 4.718645324707031250e+02
-3.757779300212860107e-02 1.751178060658276081e-03 -3.382828086614608765e-02 2.905221190303564072e-03 4.728639526367187500e+02
-7.131211459636688232e-02 7.565243868157267570e-04 -3.368302062153816223e-02 3.652583109214901924e-03 4.738633728027343750e+02
-1.049509644508361816e-01 -2.400418743491172791e-04 -3.350039198994636536e-02 4.395626951009035110e-03 4.748627929687500000e+02
-1.384570896625518799e-01 -1.236285432241857052e-03 -3.328061103820800781e-02 5.133965052664279938e-03 4.758622436523437500e+02
-1.717933416366577148e-01 -2.236261498183012009e-03 -3.302391245961189270e-02 5.863219499588012695e-03 4.768616943359375000e+02
-2.049230039119720459e-01 -3.226124681532382965e-03 -3.273075073957443237e-02 6.589109543710947037e-03 4.778611450195312500e+02
-2.378091216087341309e-01 -4.212838597595691681e-03 -3.240129351615905762e-02 7.308216765522956848e-03 4.788605957031250000e+02
-2.704152762889862061e-01 -5.197874736040830612e-03 -3.203588351607322693e-02 8.018023334443569183e-03 4.798600769042968750e+02
-3.027054369449615479e-01 -6.174549926072359085e-03 -3.163498267531394958e-02 8.720533922314643860e-03 4.808595581054687500e+02
-3.346437215805053711e-01 -7.144406903535127640e-03 -3.119895607233047485e-02 9.414365515112876892e-03 4.818590393066406250e+02
-3.661946654319763184e-01 -8.112805895507335663e-03 -3.072823770344257355e-02 1.009457092732191086e-02 4.828585510253906250e+02
-3.973235189914703369e-01 -9.062442928552627563e-03 -3.022350929677486420e-02 1.076912786811590195e-02 4.838580627441406250e+02
-4.279953539371490479e-01 -1.001244597136974335e-02 -2.968505211174488068e-02 1.142750587314367294e-02 4.848576049804687500e+02
-4.581764340400695801e-01 -1.094685308635234833e-02 -2.911367639899253845e-02 1.207539159804582596e-02 4.858571472167968750e+02
-4.878331124782562256e-01 -1.187474373728036880e-02 -2.850990742444992065e-02 1.270687580108642578e-02 4.868567199707031250e+02
-5.169326663017272949e-01 -1.278125774115324020e-02 -2.787456288933753967e-02 1.332858391106128693e-02 4.878562927246093750e+02
-5.454424619674682617e-01 -1.368049718439579010e-02 -2.720813453197479248e-02 1.393280550837516785e-02 4.888558959960937500e+02
-5.733309984207153320e-01 -1.456107944250106812e-02 -2.651149407029151917e-02 1.452353503555059433e-02 4.898554992675781250e+02
-6.005671620368957520e-01 -1.543202530592679977e-02 -2.578531764447689056e-02 1.509467232972383499e-02 4.908551330566406250e+02
-6.271209716796875000e-01 -1.628088578581809998e-02 -2.503058314323425293e-02 1.565085723996162415e-02 4.918547668457031250e+02
-6.529627442359924316e-01 -1.711083576083183289e-02 -2.424804121255874634e-02 1.619050651788711548e-02 4.928544311523437500e+02
-6.780636906623840332e-01 -1.792160049080848694e-02 -2.343851514160633087e-02 1.671311445534229279e-02 4.938541259765625000e+02
-7.023959159851074219e-01 -1.871673017740249634e-02 -2.260285988450050354e-02 1.721535809338092804e-02 4.948538208007812500e+02
-7.259324789047241211e-01 -1.948791742324829102e-02 -2.174209244549274445e-02 1.770023815333843231e-02 4.958535461425781250e+02
-7.486470341682434082e-01 -2.023981325328350067e-02 -2.085708081722259521e-02 1.816477999091148376e-02 4.968533020019531250e+02
-7.705143690109252930e-01 -2.097070775926113129e-02 -1.994884200394153595e-02 1.860826835036277771e-02 4.978530578613281250e+02
-7.915102243423461914e-01 -2.167690917849540710e-02 -1.901842840015888214e-02 1.903158612549304962e-02 4.988528442382812500e+02
-8.116111755371093750e-01 -2.236051298677921295e-02 -1.806684955954551697e-02 1.943278498947620392e-02 4.998526306152343750e+02
