1.065082289278507233e-02
-3.749457246158272028e-04
-4.237226385157555342e-04
-2.308296971023082733e-03
-3.259904682636260986e-03
-3.767710877582430840e-03
-3.758344100788235664e-03
-3.366866614669561386e-03
-2.736749593168497086e-03
-2.024501794949173927e-03
-1.367642544209957123e-03
-8.667576476000249386e-04
-5.793715827167034149e-04
-5.173232057131826878e-04
-6.562675116583704948e-04
-9.456481202505528927e-04
-1.320892246440052986e-03
-1.718088518828153610e-03
-2.081575570628046989e-03
-2.372555667534470558e-03
-2.570865442976355553e-03
-2.673087175935506821e-03
-2.693449845537543297e-03
-2.652919618412852287e-03
-2.578833606094121933e-03
-2.497546607628464699e-03
-2.430531429126858711e-03
-2.392078749835491180e-03
-2.389862900599837303e-03
-2.422521589323878288e-03
-2.484156051650643349e-03
-2.565102651715278625e-03
-2.653839997947216034e-03
-2.739781746640801430e-03
-2.814192092046141624e-03
-2.871571341529488564e-03
-2.909404225647449493e-03
-2.929127076640725136e-03
-2.932559698820114136e-03
-2.924794098362326622e-03
-2.909815171733498573e-03
-2.892807358875870705e-03
-2.876403043046593666e-03
-2.862482331693172455e-03
-2.852501347661018372e-03
-2.845404203981161118e-03
-2.840041881427168846e-03
-2.834752202033996582e-03
-2.827163785696029663e-03
-2.816051477566361427e-03
-2.799995476379990578e-03
-2.778184833005070686e-03
-2.750251675024628639e-03
-2.716969465836882591e-03
-2.678740769624710083e-03
-2.636312274262309074e-03
-2.590682124719023705e-03
-2.542508533224463463e-03
-2.492059487849473953e-03
-2.440647687762975693e-03
-2.386924112215638161e-03
-2.332142088562250137e-03
-2.275435486808419228e-03
-2.216265769675374031e-03
-2.155069960281252861e-03
-2.091062953695654869e-03
-2.024712273851037025e-03
-1.955417916178703308e-03
-1.883314573206007481e-03
-1.809091307222843170e-03
-1.732511678710579872e-03
-1.653591520152986050e-03
-1.573110581375658512e-03
-1.491053495556116104e-03
-1.407238189131021500e-03
-1.322288881056010723e-03
-1.236311974935233593e-03
-1.148686278611421585e-03
-1.059910748153924942e-03
-9.705629781819880009e-04
-8.794752066023647785e-04
-7.878229953348636627e-04
-6.952109397388994694e-04
-6.013373495079576969e-04
-5.071283085271716118e-04
-4.121285164728760719e-04
-3.170246491208672523e-04
-2.207192010246217251e-04
-1.252511283382773399e-04
-2.895082252507563680e-05
6.745352584403008223e-05
1.630672340979799628e-04
2.591230440884828568e-04
3.547341038938611746e-04
4.500121867749840021e-04
5.444189882837235928e-04
6.385942106135189533e-04
7.320203585550189018e-04
8.243488846346735954e-04
9.162325295619666576e-04
1.006961450912058353e-03
1.096355961635708809e-03
1.184777705930173397e-03
1.272073131985962391e-03
1.357597415335476398e-03
1.441896543838083744e-03
1.524702645838260651e-03
1.605308381840586662e-03
1.684834947809576988e-03
1.761833205819129944e-03
1.837559626437723637e-03
1.910674851387739182e-03
1.982073299586772919e-03
2.051206538453698158e-03
2.117884578183293343e-03
2.182580996304750443e-03
2.244460629299283028e-03
2.303830347955226898e-03
2.360937651246786118e-03
2.415280090644955635e-03
2.467040205374360085e-03
2.516038250178098679e-03
2.562043024227023125e-03
2.605537883937358856e-03
2.645706757903099060e-03
2.683202270418405533e-03
2.717683324590325356e-03
2.749225823208689690e-03
2.777431858703494072e-03
2.803122857585549355e-03
2.825042931362986565e-03
2.844125963747501373e-03
2.859505824744701385e-03
2.872579032555222511e-03
2.881665481254458427e-03
2.888502087444067001e-03
2.890951931476593018e-03
2.890702337026596069e-03
2.887316048145294189e-03
2.880778629332780838e-03
2.870763652026653290e-03
2.857659477740526199e-03
2.841408364474773407e-03
2.821984933689236641e-03
2.799094421789050102e-03
2.773647662252187729e-03
2.744734520092606544e-03
2.712830668315291405e-03
2.678042743355035782e-03
2.640113001689314842e-03
2.599085913971066475e-03
2.555817132815718651e-03
2.508824225515127182e-03
2.459909301251173019e-03
2.407730557024478912e-03
2.352761104702949524e-03
2.295713638886809349e-03
2.235709456726908684e-03
2.173564396798610687e-03
2.108901971951127052e-03
2.041828585788607597e-03
1.972856698557734489e-03
1.901161507703363895e-03
1.827221829444169998e-03
1.751895993947982788e-03
1.674536149948835373e-03
1.594744506292045116e-03
1.513862982392311096e-03
1.431194716133177280e-03
1.346632838249206543e-03
1.261285389773547649e-03
1.173755852505564690e-03
1.084837364032864571e-03
9.954089764505624771e-04
9.049506043083965778e-04
8.128614863380789757e-04
7.203508284874260426e-04
6.268415017984807491e-04
5.326428217813372612e-04
4.381189937703311443e-04
3.429683274589478970e-04
2.474067150615155697e-04
1.515459443908184767e-04
5.519622209249064326e-05
-4.041229840368032455e-05
-1.367724180454388261e-04
-2.329478738829493523e-04
-3.280855889897793531e-04
-4.238240653648972511e-04
-5.182126769796013832e-04
-6.126349908299744129e-04
-7.064668461680412292e-04
-7.991179008968174458e-04
-8.915035286918282509e-04
-9.819437982514500618e-04
-1.072087325155735016e-03
-1.161172287538647652e-03
-1.248158281669020653e-03
-1.334429020062088966e-03
-1.418933621607720852e-03
-1.501929713413119316e-03
-1.583359902724623680e-03
-1.663055503740906715e-03
-1.741239684633910656e-03
-1.816908945329487324e-03
-1.890760147944092751e-03
-1.962970243766903877e-03
-2.032043645158410072e-03
-2.100079320371150970e-03
-2.164575271308422089e-03
-2.227734541520476341e-03
-2.287658397108316422e-03
-2.345407847315073013e-03
-2.400824567303061485e-03
-2.453068504109978676e-03
-2.502724528312683105e-03
-2.549753757193684578e-03
-2.593724755570292473e-03
-2.634957199916243553e-03
-2.673287410289049149e-03
-2.708400599658489227e-03
-2.740975469350814819e-03
-2.770047402009367943e-03
-2.796445740386843681e-03
-2.819156507030129433e-03
-2.839029999449849129e-03
-2.855853410437703133e-03
-2.869511488825082779e-03
-2.879575593397021294e-03
-2.886667614802718163e-03
-2.890584059059619904e-03
-2.891257638111710548e-03
-2.888745162636041641e-03
-2.882638946175575256e-03
-2.873901277780532837e-03
-2.861507004126906395e-03
-2.846054267138242722e-03
-2.827374497428536415e-03
-2.805953612551093102e-03
-2.780909882858395576e-03
-2.752865198999643326e-03
-2.722064033150672913e-03
-2.687736181542277336e-03
-2.651140792295336723e-03
-2.610452007502317429e-03
-2.568036084994673729e-03
-2.522312337532639503e-03
-2.473155502229928970e-03
-2.422326477244496346e-03
-2.368808258324861526e-03
-2.311396878212690353e-03
-2.253264887258410454e-03
-2.190571278333663940e-03
-2.127417363226413727e-03
-2.059987746179103851e-03
-1.991234254091978073e-03
-1.920756301842629910e-03
-1.847599516622722149e-03
-1.772775431163609028e-03
-1.695967046543955803e-03
-1.617400441318750381e-03
-1.536529278382658958e-03
-1.454006647691130638e-03
-1.370477373711764812e-03
-1.284765894524753094e-03
-1.197140081785619259e-03
-1.109784701839089394e-03
-1.019448740407824516e-03
-9.301555692218244076e-04
-8.385397377423942089e-04
-7.457717438228428364e-04
-6.529437378048896790e-04
-5.584928439930081367e-04
-4.635711375158280134e-04
-3.693359612952917814e-04
-2.737223112490028143e-04
-1.780644088285043836e-04
-8.128297486109659076e-05
1.423971934855217114e-05
1.096037667593918741e-04
2.064502186840400100e-04
3.024695906788110733e-04
3.972146078012883663e-04
4.928697599098086357e-04
5.874819471500813961e-04
6.811448256485164165e-04
7.738140993751585484e-04
8.656172431074082851e-04
9.570742840878665447e-04
1.046692603267729282e-03
1.136430422775447369e-03
1.224768813699483871e-03
1.310022664256393909e-03
1.396282808855175972e-03
1.478972146287560463e-03
1.561403623782098293e-03
1.641972921788692474e-03
1.719585037790238857e-03
1.796297263354063034e-03
1.871061394922435284e-03
1.943183131515979767e-03
2.013822318986058235e-03
2.080999547615647316e-03
2.147084567695856094e-03
2.210181439295411110e-03
2.271915553137660027e-03
2.329703886061906815e-03
2.385744825005531311e-03
2.439216244965791702e-03
2.489163540303707123e-03
2.537152497097849846e-03
2.581974025815725327e-03
2.623711014166474342e-03
2.663195831701159477e-03
2.699333708733320236e-03
2.732537686824798584e-03
2.762332791462540627e-03
2.789389109238982201e-03
2.813228871673345566e-03
2.834027865901589394e-03
2.851472701877355576e-03
2.865838119760155678e-03
2.877135295420885086e-03
2.884817076846957207e-03
2.889805007725954056e-03
2.891493029892444611e-03
2.889563096687197685e-03
2.884762594476342201e-03
2.876518759876489639e-03
2.865393413230776787e-03
2.850908320397138596e-03
2.832876052707433701e-03
2.812196267768740654e-03
2.788200741633772850e-03
2.760990988463163376e-03
2.730590058490633965e-03
2.697539282962679863e-03
2.661185571923851967e-03
2.622116822749376297e-03
2.580033848062157631e-03
2.535022795200347900e-03
2.487049205228686333e-03
2.436475129798054695e-03
2.383557613939046860e-03
2.327740658074617386e-03
2.268971409648656845e-03
2.207677112892270088e-03
2.145142061635851860e-03
2.078833291307091713e-03
2.010768977925181389e-03
1.940436777658760548e-03
1.868416438810527325e-03
1.793670584447681904e-03
1.717065111733973026e-03
1.639104448258876801e-03
1.558537594974040985e-03
1.476436387747526169e-03
1.393104670569300652e-03
1.308272359892725945e-03
1.222399645484983921e-03
1.134159974753856659e-03
1.044175121933221817e-03
9.552564588375389576e-04
8.627563947811722755e-04
7.719389977864921093e-04
6.777898524887859821e-04
5.849462468177080154e-04
4.902716027572751045e-04
3.956723667215555906e-04
2.996633993461728096e-04
2.035555953625589609e-04
1.085478652385063469e-04
1.174300541606498882e-05
-8.403456013184040785e-05
-1.790812966646626592e-04
-2.763776574283838272e-04
-3.716480277944356203e-04
-4.669781192205846310e-04
-5.606566555798053741e-04
-6.555991130881011486e-04
-7.485232781618833542e-04
-8.403914980590343475e-04
-9.319006348960101604e-04
-1.022702315822243690e-03
-1.111553283408284187e-03
-1.200515893287956715e-03
-1.287005026824772358e-03
-1.372128841467201710e-03
-1.457163947634398937e-03
-1.538518932648003101e-03
-1.620016526430845261e-03
-1.697982661426067352e-03
-1.776031567715108395e-03
-1.850129803642630577e-03
-1.924020005390048027e-03
-1.993962330743670464e-03
-2.063300926238298416e-03
-2.129643457010388374e-03
-2.193179680034518242e-03
-2.254820195958018303e-03
-2.313898643478751183e-03
-2.370893955230712891e-03
-2.424490172415971756e-03
-2.475600223988294601e-03
-2.524488838389515877e-03
-2.570017706602811813e-03
-2.612594747915863991e-03
-2.652867697179317474e-03
-2.689353888854384422e-03
-2.723809098824858665e-03
-2.754204673692584038e-03
-2.782233757898211479e-03
-2.806894946843385696e-03
-2.828581258654594421e-03
-2.846829360350966454e-03
-2.862425055354833603e-03
-2.874366706237196922e-03
-2.883024048060178757e-03
-2.888989634811878204e-03
-2.891255076974630356e-03
-2.890550065785646439e-03
-2.886496018618345261e-03
-2.879138803109526634e-03
-2.868754556402564049e-03
-2.854935359209775925e-03
-2.838138258084654808e-03
-2.818134846165776253e-03
-2.795311855152249336e-03
-2.768458332866430283e-03
-2.739511430263519287e-03
-2.706754254177212715e-03
-2.671404508873820305e-03
-2.632965333759784698e-03
-2.591810654848814011e-03
-2.547639654949307442e-03
-2.500615315511822701e-03
-2.451448235660791397e-03
-2.397997770458459854e-03
-2.343332394957542419e-03
-2.285720780491828918e-03
-2.225006464868783951e-03
-2.162393415346741676e-03
-2.097281161695718765e-03
-2.029429888352751732e-03
-1.959867542609572411e-03
-1.888820086605846882e-03
-1.814092509448528290e-03
-1.738805556669831276e-03
-1.659874804317951202e-03
-1.580650103278458118e-03
-1.499638427048921585e-03
-1.416457700543105602e-03
-1.331726787611842155e-03
-1.245302730239927769e-03
-1.158321974799036980e-03
-1.069874153472483158e-03
-9.794262005016207695e-04
-8.893553167581558228e-04
-7.971491431817412376e-04
-7.039103074930608273e-04
-6.106818327680230141e-04
-5.159552092663943768e-04
-4.207109741400927305e-04
-3.263379039708524942e-04
-2.301104686921462417e-04
-1.346190110780298710e-04
-3.796239616349339485e-05
5.779696584795601666e-05
1.529763540020212531e-04
2.499788533896207809e-04
3.455664846114814281e-04
4.407613596413284540e-04
5.349107086658477783e-04
6.295202765613794327e-04
7.229360053315758705e-04
8.156702970154583454e-04
9.062822209671139717e-04
9.977367008104920387e-04
1.087573356926441193e-03
1.175672514364123344e-03
1.263290527276694775e-03
1.349501311779022217e-03
1.432884950190782547e-03
1.517321798019111156e-03
1.597368507646024227e-03
1.677344902418553829e-03
1.753927092067897320e-03
1.830738037824630737e-03
1.903616590425372124e-03
1.975667895749211311e-03
2.043875399976968765e-03
2.111213980242609978e-03
2.176100155338644981e-03
2.238707849755883217e-03
2.297989325597882271e-03
2.355731092393398285e-03
2.410226967185735703e-03
2.461888361722230911e-03
2.511182799935340881e-03
2.557232044637203217e-03
