1.860320877359430626e-06
1.300309723320343435e-03
-8.393031398834145413e-04
-8.787978624774873872e-04
-7.169332434533647828e-04
-4.893629301524242891e-04
-2.598393565485043613e-04
-6.713720558355333221e-05
7.195413585125636044e-05
1.574666273648826320e-04
1.998207594459236230e-04
2.138359112103657624e-04
2.141713709641679191e-04
2.125331558560797167e-04
2.165159612798835164e-04
2.296840920676426995e-04
2.524052840977410259e-04
2.829891519649291223e-04
3.187926998480057530e-04
3.570900453069499351e-04
3.956267905152817572e-04
4.328713944980320974e-04
4.680302822310269907e-04
5.009139415007921167e-04
5.317368952128018840e-04
5.609156163798359983e-04
5.889047945042651241e-04
6.160864169366384903e-04
6.427205754319634170e-04
6.689322905475037113e-04
6.947339883111170854e-04
7.200598329690964744e-04
7.448034407042749844e-04
7.688469933026584454e-04
7.920837291310880383e-04
8.144287855889951848e-04
8.357862173035675388e-04
8.563452474878842455e-04
8.756170595361521336e-04
8.939949039442323525e-04
9.113539487374768726e-04
9.276851140121438345e-04
9.430300275497299420e-04
9.570826022461363658e-04
9.703686425707123411e-04
9.824458647029424719e-04
9.934116914486099906e-04
1.003255880597716480e-03
1.011973362674058316e-03
1.019535764982180265e-03
1.025946568441011295e-03
1.031201619444338307e-03
1.035285399390255615e-03
1.038194067621688726e-03
1.039930077001197843e-03
1.040489971018335527e-03
1.039872055835761207e-03
1.038080787202429363e-03
1.035118616857957962e-03
1.030990568479753797e-03
1.025701980888748437e-03
1.019266730431555960e-03
1.011678371441258406e-03
1.002964742823885804e-03
9.931272989722253475e-04
9.821831649966194198e-04
9.701436710772573741e-04
9.570275677112283393e-04
9.428503741165173476e-04
9.276299879116803229e-04
9.113852395896768904e-04
8.941374442756607832e-04
8.758908049079115266e-04
8.567404058458518660e-04
8.365783982531581385e-04
8.155437828452166650e-04
7.936088341515751873e-04
7.708160328676341927e-04
7.471873134762988065e-04
7.227518550892536283e-04
6.975299983917768133e-04
6.715519722931696366e-04
6.448635593680427389e-04
6.174741481157911341e-04
5.894207836060812861e-04
5.607347057049416562e-04
5.314473929280304947e-04
5.015908076084968966e-04
4.711966990772956782e-04
4.402985047481329842e-04
4.089376548130054727e-04
3.770546761063576255e-04
3.450002486193741490e-04
3.123173420765652602e-04
2.793716448362790921e-04
2.461754763071963281e-04
2.126889893605439237e-04
1.782488558291018600e-04
-3.624423792861601341e-04
-3.310548414396734338e-03
2.938939229846332726e-03
2.129892765499660605e-03
1.091374952983409190e-03
4.284487092610565935e-03
-7.216039089863274421e-03
4.035865756357793696e-03
-2.580653532067014172e-03
-1.998196482471867406e-03
-1.166172675892712717e-03
-4.701182208086735381e-04
-4.510032148413422550e-06
2.210082975090472870e-04
2.475380217378899718e-04
1.394556707483280810e-04
-3.705525552228904762e-05
-2.276647399731104090e-04
-3.959734762100944544e-04
-5.237160828470646288e-04
-6.073480690642812712e-04
-6.530965419165028112e-04
-6.720261295378335232e-04
-6.760540695951499984e-04
-6.753168318723588902e-04
-6.768798377998937188e-04
-6.845311282235569308e-04
-6.992882543214253054e-04
-7.202495641588827586e-04
-7.454937098368913731e-04
-7.728343393620444547e-04
-8.003387154246055643e-04
-8.265997922373957132e-04
-8.508031616574810406e-04
-8.726541982973405132e-04
-8.922327933168661563e-04
-9.098313297627990412e-04
-9.258135433519668750e-04
-9.405135519983881054e-04
-9.541792461607409744e-04
-9.669540919173330237e-04
-9.793553046555289986e-04
-1.323880100558380134e-03
-5.032446438507319313e-03
6.626183815640196775e-03
-1.835611630866041928e-03
-2.144717842015690656e-03
-1.987399267526226802e-03
-1.702417319752044193e-03
-1.396821130040518631e-03
-1.137644886421090113e-03
-9.573617664714992228e-04
-8.606569940083859177e-04
-8.340091909824319397e-04
-8.552392040323529045e-04
-9.011139737198930631e-04
-9.522668594848528699e-04
-9.953941802773097133e-04
-1.023689418297291489e-03
-1.035449269079196776e-03
-1.032656821294350305e-03
-1.019104185400424890e-03
-9.990301507660412882e-04
-9.761200718059551964e-04
-9.529835181659548253e-04
-9.311345058711443645e-04
-9.110224748599569586e-04
-8.924243701750984251e-04
-8.747152466328975660e-04
-8.571592569381193509e-04
-8.390862567246456204e-04
-8.200078874739096663e-04
-7.996545793311208477e-04
-7.779304520412628479e-04
-7.548936319952078734e-04
-7.306782469587309306e-04
-7.054471006496415043e-04
-6.793590073417183099e-04
-6.525407000497867585e-04
-6.250824653417432234e-04
-5.970438932808076228e-04
-5.684473116238339700e-04
-5.393036800864268272e-04
-5.096571250569662502e-04
-4.794484738641548323e-04
-4.487429748813290590e-04
-4.175470657565286321e-04
-3.858883254319066584e-04
-3.538007209666888366e-04
-3.213195914604130132e-04
-2.884820234079046365e-04
-2.553281059667414908e-04
-2.218595701184667096e-04
-1.882917349384641346e-04
-1.543461244307205854e-04
-1.203000675218046997e-04
-1.156161761162822284e-04
-2.063504884624479951e-02
3.447985818202835284e-02
-3.244893178058179742e-03
-4.673921697141127964e-03
-4.066003957163358447e-03
-2.760768492770932381e-03
-1.402285222018757405e-03
-2.477905531187829372e-04
5.632775073724363224e-04
1.014560750113625148e-03
2.877100364365742062e-03
-1.406983119966176638e-03
4.228793680708227637e-05
1.996289636981277670e-03
1.260843226372164710e-03
-2.379645811935497218e-05
5.003383163365041032e-04
4.402958422057071911e-04
4.159939018439444934e-04
4.355667716317968398e-04
4.843110239374252488e-04
5.469807455397528422e-04
6.112921688717478990e-04
6.691807631243256805e-04
7.167468458887706886e-04
7.311730441596194299e-04
-1.474358255762475353e-02
2.681392299909624369e-02
-1.633450258584738524e-03
-2.747567106597570852e-03
-2.234727183357924484e-03
-1.294136071247534549e-03
-2.859785163028188493e-04
1.928029349625564335e-03
1.335585096982025780e-02
-2.254471671934756352e-02
4.289022798488292820e-03
5.107642781133122506e-03
4.461814018517199637e-03
3.382369111087496927e-03
2.218724559810601998e-03
-1.873339259130015269e-02
3.422182114928175312e-02
-2.825023564968087361e-03
-4.359684226995994873e-03
-3.611216569571222210e-03
-2.217247828065291564e-03
-7.251220186243875418e-04
5.284578863485243872e-04
-2.539506256565588187e-03
8.499017060733759371e-03
1.380968014609627740e-03
9.742328085078405444e-04
-1.561965849590055133e-02
2.849068275510965864e-02
-2.521626509415737360e-03
-1.019343822727775475e-03
-3.509569763151412867e-03
-1.419108202095188329e-03
-2.755796374055338705e-04
6.486401884420797811e-04
1.275292456021702957e-03
1.595645086114692987e-03
1.661280420238141599e-03
1.553159135014372865e-03
1.919473760374266254e-03
1.784490055039557018e-04
1.023686009838026007e-03
9.171884056745312815e-04
8.039849405096909530e-04
-1.567442441649939547e-03
4.532538609703883753e-03
2.922825959490308917e-04
1.171352760442239874e-04
1.699384135960680504e-04
-1.111197853387514874e-02
1.374323157001169221e-02
-3.830590501342563420e-03
1.834620003279196360e-02
-1.720076617660666260e-02
1.715705790894177935e-02
-1.042891648588128994e-02
1.438594452973542860e-02
-8.420990306238558543e-03
-1.826850356606439518e-02
-2.359874096847384972e-02
1.391797189296655260e-02
1.282562721641621745e-02
1.022465057626184212e-02
6.263267119012518036e-03
2.571203525538759849e-03
-1.816100571905848867e-04
-1.823289051521425654e-03
1.118565148008385463e-03
-8.453812724108958343e-03
-1.326804831631488938e-03
-3.850265409790082360e-04
1.449837807612766529e-04
4.203238104345479289e-04
4.811961277691818775e-04
3.908713158329726141e-04
2.179525199375485171e-04
2.167614582508248870e-05
2.854254981305864879e-04
-1.044993192214736669e-03
-3.244691585292676481e-04
-3.480873141050852743e-04
-3.882157696945284049e-04
-4.233856736854412265e-04
-4.542493757909620900e-04
-4.824644126853118616e-04
-5.773072082070114129e-04
-4.212682246345200569e-04
-5.732632605911810834e-04
-6.052562900097970813e-04
-6.244140789299513356e-04
3.651678244964363679e-03
-7.896755680084568615e-03
6.852598643898726331e-04
-8.969804186571181089e-04
2.223619662595705871e-04
-7.922475219297650721e-06
-3.286758285217912740e-04
-6.261322538770525744e-04
-8.550134597143040126e-04
-9.793305682556326976e-04
1.406427033240468388e-02
-2.644192624839053832e-02
1.326570702893418822e-03
2.461616853561553707e-03
2.043117086098704231e-03
2.221052202420443697e-02
-3.511191256093120633e-02
2.694724722155587403e-03
3.648797304297333489e-03
2.648665697358498772e-03
1.294587792060621339e-03
1.114421724911674757e-05
-9.810260084837118567e-04
-1.605650617490599584e-03
-1.885639672350554723e-03
-2.488805097063404807e-03
-7.450742809019613886e-04
-1.717974437484738257e-03
-1.184874100337521535e-03
1.626996967010558431e-02
-1.357912454083558956e-02
-2.621325744318211970e-02
1.396785107571285253e-02
-7.341195508489770268e-03
1.952103286893605918e-02
-1.526576307652612735e-02
1.046967782356533934e-02
4.971260474201260639e-03
-2.709899984969385556e-02
5.511263123535939043e-03
5.193581167096623062e-03
1.671394520512028536e-03
1.671106935409612596e-02
-2.239725024002873002e-02
1.087254899608720182e-04
5.451614870856143083e-04
1.481661522794383849e-04
-2.648463074108005420e-04
1.834478848327798090e-02
-3.272920670323784670e-02
1.973244790754580605e-03
3.353618091574737427e-03
2.799733104352406486e-03
-1.182440098846944745e-02
2.353954276815956037e-02
-2.441511106242036377e-03
-4.014378051298839178e-03
-3.922408792489026283e-03
-3.191057327746477709e-03
-2.205127090557418203e-03
-1.247868686975738299e-03
-4.899194995478662988e-04
2.763248793797558957e-06
2.414923366988198103e-04
2.827889275277725408e-04
2.001331038238073968e-04
6.318451519303623263e-05
-7.427328301858909961e-05
-1.697451375348893021e-04
6.067215571944952271e-03
-1.081563230757353646e-02
6.930899559213018904e-04
-6.444816523331937941e-02
1.261774405856225523e-01
-3.021305405941796668e-02
-1.924001420670558640e-02
-8.060193581373114799e-03
-5.410154570695298662e-03
-2.231916725664753569e-03
-2.215680273270512158e-04
1.545948762142830514e-03
2.253034460622623057e-03
2.313672517493275353e-03
1.969287458573153963e-03
1.444844146876462197e-03
9.162125907457421619e-04
4.930611661953139546e-04
-4.108767043165526857e-04
-2.331509040874026051e-02
4.095812634012733350e-02
-3.772068942776791479e-03
-5.413737691703970206e-03
-4.476622083437399764e-03
-2.851381612118802748e-03
8.480907262937056879e-03
-1.681034306951960725e-02
4.114688651034779064e-03
3.776202494805396513e-03
3.604299218893159285e-03
2.664981052770204820e-02
-3.773274933928612296e-02
5.267128758349282069e-03
6.255464579841553754e-03
2.504991427720409947e-02
-2.947552631598764072e-02
5.223729312804367350e-03
2.159638388681995452e-02
-2.250310924747483260e-02
5.358210260174028558e-03
-1.251104228377059556e-02
3.335424765418984472e-02
-3.519806116823348302e-04
1.399218426572224235e-02
-3.126929942979516514e-02
5.323821579189987052e-03
-5.614173585686029269e-03
3.984308540675374904e-03
4.228738389781772945e-03
3.645325625881965220e-03
2.775994011344908030e-03
1.897603297592938450e-03
1.206350659750572664e-03
1.615766053133404351e-02
-2.545330425565157928e-02
2.975031883602515317e-03
4.087931775846244398e-03
3.760708487220188866e-03
3.017081276383122134e-03
2.163384181366667745e-03
1.404894463182213352e-03
8.512997425818331779e-04
5.305141573922707082e-04
4.381911003211037933e-04
1.729583432649099001e-02
-2.773273231107620945e-02
3.446222275597861026e-03
4.692080530998976075e-03
4.268613663268234701e-03
3.315222748407221660e-03
-1.096733629974327301e-02
2.349728604977497498e-02
-1.462228060879846615e-03
-2.356643422333167415e-03
-3.345818445417597740e-03
-1.659144145373457179e-03
-6.454140711036708816e-04
-1.458801236564775169e-03
3.679540427754568986e-03
8.314538621110390340e-03
2.773931974885664262e-03
-2.186494960344827210e-02
4.791613622906232793e-03
5.433278660105698120e-03
4.444021608386476002e-03
-1.243632353359663302e-02
2.766720967870900730e-02
-1.912390417212256203e-03
-3.745976968692576927e-03
-3.622654184252640380e-03
-2.772410627655812199e-03
-1.654819531471585139e-03
-5.976333340086582716e-04
2.090163075928108064e-04
6.971479106589693062e-04
8.835650890808431808e-04
-1.222425597230816091e-03
4.128866972735374154e-03
-6.099218075056945035e-03
1.391050863178854534e-02
-7.771122662681244180e-03
-1.260369809199561207e-03
-3.912881786468451993e-04
-1.003438482440367546e-03
-1.217894410376322190e-04
4.278632725883153159e-05
7.490708403095652941e-05
2.661942528016903374e-06
-1.427632651521398323e-02
2.363624833290342217e-02
-2.605524745034941414e-03
-3.676939538848470346e-03
-7.215041298249283072e-03
3.701100985276866307e-03
-1.663295058778425884e-03
-1.808209482888564279e-03
1.840939673109652161e-02
-1.406654489699518500e-02
-2.984848033064579562e-02
7.725876389423858188e-03
