0.000000000000000000e+00 0.000000000000000000e+00 3.300000000000000155e-02 0.000000000000000000e+00 0.000000000000000000e+00
3.299401082611982255e-02 1.132759690372471192e-02 3.300000000000000155e-02 1.291346047024617000e-02 9.994555494115813232e-01
6.655409313158590356e-02 -1.348461746575803193e-02 3.364567302351231110e-02 -2.891369826851100579e-03 1.998892411680418757e+00
9.951956923776836272e-02 -1.064229445863259377e-02 3.350110453216975648e-02 -6.078596368634861698e-03 2.998349130089156933e+00
1.324825914576528429e-01 -5.448260808321363745e-03 3.319717471373801604e-02 -7.794550186322557125e-03 3.997805843665192427e+00
1.654014060554991339e-01 3.760917809038204636e-05 3.280744720442188567e-02 -8.613293456702895284e-03 4.997263909746174626e+00
1.982048477580598267e-01 4.912392530538181763e-03 3.237678253158673969e-02 -8.861467962405319976e-03 5.996725732036552792e+00
2.308214649614106773e-01 8.748351220091215782e-03 3.193370913346647161e-02 -8.844291069079199610e-03 6.996193698812482431e+00
2.631869414580356170e-01 1.148148737043687938e-02 3.149149458001251206e-02 -8.800298260490221208e-03 7.995669895260036242e+00
2.952470209354381980e-01 1.328447057230996813e-02 3.105147966698799944e-02 -8.880465473672995505e-03 8.995156003650384591e+00
3.269574142332820621e-01 1.444247349801075671e-02 3.060745639330434906e-02 -9.152155273462593207e-03 9.994653323381553989e+00
3.582818773753054797e-01 1.525460017072479378e-02 3.014984862963121862e-02 -9.617744213212042759e-03 1.099416285283660955e+01
3.891895418121841810e-01 1.597019071668277432e-02 2.966896141897061578e-02 -1.023874586558329650e-02 1.199368538786827365e+01
4.196523088710246152e-01 1.675902687178149053e-02 2.915702412569145044e-02 -1.095869078288731584e-02 1.299322160904317336e+01
4.496427971363456400e-01 1.770831683046834165e-02 2.860908958654708595e-02 -1.172080725302163465e-02 1.399277214442198058e+01
4.791330377399499740e-01 1.883687185557950117e-02 2.802304922389600370e-02 -1.247904220524827940e-02 1.499233760484483469e+01
5.080938932046472623e-01 2.011718996973395693e-02 2.739909711363358938e-02 -1.320280617582044770e-02 1.599191859502027135e+01
5.364950442826535992e-01 2.149814623689746962e-02 2.673895680484256535e-02 -1.387690361180425082e-02 1.699151570704630032e+01
5.643053380051956669e-01 2.292364249414722763e-02 2.604511162425235393e-02 -1.449849528745668879e-02 1.799112950396428801e+01
5.914932985133851684e-01 2.434512397474742837e-02 2.532018685987951975e-02 -1.507281696204046742e-02 1.899076050015081307e+01
6.180276459688528456e-01 2.572786355705246331e-02 2.456654601177749725e-02 -1.560896375691857123e-02 1.999040914348394082e+01
6.438777260264110236e-01 2.705216782508259796e-02 2.378609782393156791e-02 -1.611653633707296404e-02 2.099007580200988343e+01
6.690138067411555145e-01 2.831120819718617454e-02 2.298027100707791814e-02 -1.660347229108083064e-02 2.198976075588073087e+01
6.934072418347880795e-01 2.950718676189333436e-02 2.215009739252387505e-02 -1.707503160891802804e-02 2.298946419397405094e+01
7.170305254605886525e-01 3.064721714575805930e-02 2.129634581207797209e-02 -1.753369273469089842e-02 2.398918621391555206e+01
7.398572749197447340e-01 3.173982892892097257e-02 2.041966117534342595e-02 -1.797963196963489607e-02 2.498892682409347543e+01
7.618621776855626360e-01 3.279253985179771125e-02 1.952067957686168254e-02 -1.841146673735841871e-02 2.598868594648052266e+01
7.830209321445640303e-01 3.381053449571339714e-02 1.860010623999376264e-02 -1.882704303306853219e-02 2.698846341946459404e+01
8.033102002112953999e-01 3.479636042147549180e-02 1.765875408834033725e-02 -1.922403207727144819e-02 2.798825900031195957e+01
8.227075833173743691e-01 3.575018707096830339e-02 1.669755248447676518e-02 -1.960038889457267966e-02 2.898807236714367974e+01
8.411916200832304513e-01 3.667048600960421539e-02 1.571753303974813068e-02 -1.995455473570604057e-02 2.998790312060874896e+01
8.587418038129783771e-01 3.755477056012961057e-02 1.471980530296282917e-02 -2.028550357865592513e-02 3.098775078543695116e+01
8.753386126628227570e-01 3.840025927781441639e-02 1.370553012403003326e-02 -2.059266236578460516e-02 3.198761481211156976e+01
8.909635463504674835e-01 3.920432916722522282e-02 1.267589700574080214e-02 -2.087579777301013656e-02 3.298749457883207015e+01
9.055991628801502991e-01 3.996479921000573032e-02 1.163210711709029496e-02 -2.113487023223610539e-02 3.398738939388881164e+01
9.192291124587109730e-01 4.068001770374641418e-02 1.057536360547848935e-02 -2.136991935842436074e-02 3.498729849847653384e+01
9.318381660901144947e-01 4.134851139644242501e-02 9.506867637557271308e-03 -2.158134275324163562e-02 3.598722106994200232e+01
9.434122226653733900e-01 4.197166711753708840e-02 8.427800499895190395e-03 -2.176702284201295287e-02 3.698715622557104865e+01
9.539384322249878645e-01 4.254401537020389285e-02 7.339449357794542751e-03 -2.193075493603517667e-02 3.798710302563813457e+01
9.634049591652302791e-01 4.306993692171088434e-02 6.242911610992783571e-03 -2.206947352463426576e-02 3.898706047965845300e+01
9.718012851055736201e-01 4.354754957593084258e-02 5.139437934761069936e-03 -2.218371981428068559e-02 3.998702754874591392e+01
9.791180491374268380e-01 4.397646396066393765e-02 4.030251944047035309e-03 -2.227331305614077203e-02 4.098700315141669392e+01
9.853470955113564633e-01 4.435673560564389745e-02 2.916586291239996621e-03 -2.233756376074777505e-02 4.198698616817484464e+01
9.904815050149214928e-01 4.468513908171941468e-02 1.799708103202607825e-03 -2.237903024674739103e-02 4.298697544643688673e+01
9.945154654823615825e-01 4.496708677283777628e-02 6.807565908652382734e-04 -2.239321691090489369e-02 4.398696980595452288e+01
9.974445758383113647e-01 4.519715849935748014e-02 -4.389042546800064112e-04 -2.238313833606658462e-02 4.498696804365784629e+01
9.992655293050246579e-01 4.537653176664494664e-02 -1.558061171483335686e-03 -2.234811639909733624e-02 4.598696893920060091e+01
9.999762925984035933e-01 4.550502481323790566e-02 -2.675466991438202845e-03 -2.228817145279334694e-02 4.698697126039272121e+01
9.995760718962534153e-01 4.558253694857901384e-02 -3.789875564077870192e-03 -2.220330352455255479e-02 4.798697376868537390e+01
9.980653158843189043e-01 4.560878046895967125e-02 -4.900040740305497931e-03 -2.209375850058816274e-02 4.898697522470204291e+01
9.954457063990226340e-01 4.558387504959063308e-02 -6.004728665334906068e-03 -2.195958004503897540e-02 4.998697439372583773e+01
9.917201664812304029e-01 4.550786997267817352e-02 -7.102707667586855358e-03 -2.180088382835696989e-02 5.098697005125465154e+01
9.868928546374295951e-01 4.538074764753964596e-02 -8.192751859004704026e-03 -2.161792664803592612e-02 5.198696098845154978e+01
9.809691556618830299e-01 4.520268316312632539e-02 -9.273648191406500679e-03 -2.141092935326312577e-02 5.298694601750003130e+01
9.739556773655085875e-01 4.497395445435056066e-02 -1.034419465906965749e-02 -2.118009231585306698e-02 5.398692397692143885e+01
9.658602445968026418e-01 4.469481275450638835e-02 -1.140319927486231101e-02 -2.092569625015950827e-02 5.498689373676907621e+01
9.566918877966176238e-01 4.436558114695148686e-02 -1.244948408737028660e-02 -2.064805404306135905e-02 5.598685420363729293e+01
9.464608324513764659e-01 4.398669231287170162e-02 -1.348188678952335490e-02 -2.034746664290129625e-02 5.698680432552762909e+01
9.351784888140317609e-01 4.355859591936502712e-02 -1.449926012166842006e-02 -2.002428510826000443e-02 5.798674309655053349e+01
9.228574375818880959e-01 4.308181286300580282e-02 -1.550047437708142010e-02 -1.967887777965633342e-02 5.898666956138418982e+01
9.095114157725237014e-01 4.255690994489463863e-02 -1.648441826606423730e-02 -1.931164789961328440e-02 5.998658281952629778e+01
8.951553004623857834e-01 4.198457623036470215e-02 -1.745000066104490308e-02 -1.892295550738301232e-02 6.098648202928679041e+01
8.798050945921226385e-01 4.136533681104151428e-02 -1.839614843641405525e-02 -1.851337443628868484e-02 6.198636641157373361e+01
8.634779006177331073e-01 4.070012765638304775e-02 -1.932181715822849088e-02 -1.808323623568065114e-02 6.298623525320479644e+01
8.461919122086677403e-01 3.998961836879889875e-02 -2.022597897001252379e-02 -1.763310245331104267e-02 6.398608791027767495e+01
8.279663842004961749e-01 3.923469940764975211e-02 -2.110763409267807714e-02 -1.716345300988236441e-02 6.498592381083975056e+01
8.088216154066140140e-01 3.843623141360295176e-02 -2.196580674317219484e-02 -1.667484357187816804e-02 6.598574245751119349e+01
7.887789229810648894e-01 3.759519057241202805e-02 -2.279954892176610376e-02 -1.616780074934529021e-02 6.698554342962516728e+01
7.678606202647380030e-01 3.671254695609226654e-02 -2.360793895923336827e-02 -1.564290255500618704e-02 6.798532638512467940e+01
7.460899900073925117e-01 3.578933139765032301e-02 -2.439008408698367658e-02 -1.510073852379536369e-02 6.898509106202918417e+01
7.234912583693103860e-01 3.482661650714558715e-02 -2.514512101317344442e-02 -1.454191848531986159e-02 6.998483727958590350e+01
7.000895674056633045e-01 3.382553004616759701e-02 -2.587221693743943854e-02 -1.396705655713434760e-02 7.098456493904775755e+01
6.759109472138495889e-01 3.278707502439093258e-02 -2.657056976529615505e-02 -1.337696011607113905e-02 7.198427402410291620e+01
6.509822788845559538e-01 3.171315819511191791e-02 -2.723941777109971374e-02 -1.277162851288713569e-02 7.298396460071953129e+01
6.253312992106228041e-01 3.060360723338395247e-02 -2.787799919674406948e-02 -1.215280668598503304e-02 7.398363681777509271e+01
5.989864967092064507e-01 2.946101720875374946e-02 -2.848563953104332053e-02 -1.152032843239199182e-02 7.498329090436359934e+01
5.719771626409591025e-01 2.828605183041451795e-02 -2.906165595266291951e-02 -1.087526279191582471e-02 7.598292717108866157e+01
5.443333027181920247e-01 2.708023778462989237e-02 -2.960541909225871196e-02 -1.021820243475138681e-02 7.698254600707585382e+01
5.160856267500046890e-01 2.584487239087711677e-02 -3.011632921399627974e-02 -9.549899789473195733e-03 7.798214787889813238e+01
4.872655075166453242e-01 2.458135635640157704e-02 -3.059382420346994091e-02 -8.871070519093986542e-03 7.898173332828250182e+01
4.579049483049855152e-01 2.329102364583908458e-02 -3.103737772942464015e-02 -8.182527148850595247e-03 7.998130296976351872e+01
4.280365437941634488e-01 2.197534724443792747e-02 -3.144650408686717330e-02 -7.485030882601353269e-03 8.098085748783215365e+01
3.976934463989471036e-01 2.063594844901452119e-02 -3.182075563099723975e-02 -6.779199025855613299e-03 8.198039763396445778e+01
3.669093356572697973e-01 1.927407072323423370e-02 -3.215971558229002020e-02 -6.065957165578979640e-03 8.297992422347159902e+01
3.357183685300728637e-01 1.789130247745802579e-02 -3.246301344056896909e-02 -5.346047660839524200e-03 8.397943813147597325e+01
3.041551504297025921e-01 1.648916705413851561e-02 -3.273031582361094621e-02 -4.620257734651344109e-03 8.497894028930751631e+01
2.722546949287222295e-01 1.506920053106748647e-02 -3.296132871034351125e-02 -3.889381592025027874e-03 8.597843168030115635e+01
2.400523851279045273e-01 1.363295360518513438e-02 -3.315579778994476312e-02 -3.154217750864509850e-03 8.697791333543320036e+01
2.075839347816720304e-01 1.218198407579907001e-02 -3.331350867748798794e-02 -2.415574731066211667e-03 8.797738632875301334e+01
1.748853488436200032e-01 1.071787506377337891e-02 -3.343428741404130128e-02 -1.674253820050454738e-03 8.897685177261763556e+01
1.419928844328195994e-01 9.242284271529736112e-03 -3.351800010504382699e-02 -9.309788512781669387e-04 8.997631081278241538e+01
1.089430146321234277e-01 7.755951268401811705e-03 -3.356454904760773628e-02 -1.874501501623880334e-04 9.097576462344886750e+01
7.577234655692301202e-02 6.263638599548202075e-03 -3.357392155511585569e-02 5.583246781821093368e-04 9.197521440065951026e+01
4.251773754892321233e-02 4.761612343100350350e-03 -3.354600532120675244e-02 1.301588235880457101e-03 9.297466136226509548e+01
9.215970289300746965e-03 3.255506687014747633e-03 -3.348092590941272734e-02 2.043820836916895173e-03 9.397410673294814387e+01
-2.409601666217646432e-02 1.746452373149443103e-03 -3.337873486756687963e-02 2.784249007993906677e-03 9.497355174795454502e+01
-5.738127979969510212e-02 2.351925865550013543e-04 -3.323952241716718325e-02 3.521521066543586726e-03 9.597299764388043286e+01
-9.060292855260318468e-02 -1.276378118396500824e-03 -3.306344636384000307e-02 4.254942363815724347e-03 9.697244565262947447e+01
-1.237241351586578775e-01 -7.160897943266538064e-03 -3.285069924564922028e-02 -2.978871674720603039e-06 9.797189699699087839e+01
-1.569267778692949589e-01 -3.171773074985555912e-02 -3.285084818923295763e-02 -3.037596002214682650e-02 9.897134570138403831e+01
-1.913567486113310345e-01 3.808146480698897107e-02 -3.436964619034029583e-02 1.815304110559679690e-02 9.997075407244705048e+01
-2.238166798115917289e-01 1.870354863162273715e-02 -3.346199413506045772e-02 2.095985397331075195e-02 1.009702289237371531e+02
-2.563377757832852599e-01 -4.755407884410408530e-04 -3.241400143639491804e-02 1.945927603414141990e-02 1.019697004105108533e+02
-2.887698660112393845e-01 2.101666265703084832e-02 -3.144103763468784896e-02 5.694838337063588829e-02 1.029691743521865703e+02
-3.191554100064903365e-01 -1.017666116224624634e-01 -2.859361846615605246e-02 -3.756349320437113448e-02 1.039687131573194137e+02
-3.528313829245735556e-01 2.557399370911779893e-02 -3.047179312637460918e-02 4.847666381261304253e-02 1.049681589137044853e+02
-3.820203545308664128e-01 -5.247376171428334152e-02 -2.804795993574395879e-02 7.395951444915618454e-04 1.059677336427815391e+02
-4.126872932534056404e-01 -3.903409099558558665e-02 -2.801098017851938113e-02 -8.353668819481765290e-04 1.069672667450890913e+02
-4.426455495345366642e-01 -2.509968208660617525e-02 -2.805274852261678900e-02 1.538784322369607426e-03 1.079668198012252986e+02
-4.719491091464996790e-01 -1.543283405055558520e-02 -2.797580930649831016e-02 5.271662490885606345e-03 1.089663911475428932e+02
-5.006926091648029598e-01 -1.060989256031657710e-02 -2.771222618195403123e-02 9.210659847731500829e-03 1.099659782656259637e+02
-5.289315794079437749e-01 -9.987604665994489345e-03 -2.725169318956745593e-02 1.262197738123236462e-02 1.109655796071537566e+02
-5.566790944339351510e-01 -1.234125672136384202e-02 -2.662059432050583804e-02 1.515223496609448099e-02 1.119651946954705011e+02
-5.839133889313367076e-01 -1.632684582167295492e-02 -2.586298257220111252e-02 1.675190898429691766e-02 1.129648239637343750e+02
-6.105895576180189188e-01 -2.078912002655376387e-02 -2.502538712298626664e-02 1.756884420471870739e-02 1.139644684247498532e+02
-6.366514632428555975e-01 -2.491527332756843585e-02 -2.414694491275033023e-02 1.784335826407584813e-02 1.149641292960176884e+02
-6.620414621414715262e-01 -2.826234423816948935e-02 -2.325477699954653713e-02 1.782561359309104559e-02 1.159638076942453608e+02
-6.867068783596812498e-01 -3.070149277466597756e-02 -2.236349631989198450e-02 1.772314722347172189e-02 1.169635044553399581e+02
-7.106032014213674586e-01 -3.232251147432008836e-02 -2.147733895871839840e-02 1.767697745719318259e-02 1.179632200760032958e+02
-7.336946421023509135e-01 -3.333267582633081538e-02 -2.059349008585873927e-02 1.775970838777938057e-02 1.189629547394161193e+02
-7.559529570314937885e-01 -3.397166971957091275e-02 -1.970550466646977042e-02 1.798747451530481947e-02 1.199627083816123871e+02
-7.773554401362328115e-01 -3.445269729220587496e-02 -1.880613094070452893e-02 1.833820611269455433e-02 1.209624807651591709e+02
-7.978827928183620521e-01 -3.493111465869022658e-02 -1.788922063506979965e-02 1.877032302657529600e-02 1.219622715409031457e+02
-8.175173355750584570e-01 -3.549614971578607392e-02 -1.695070448374103381e-02 1.923811577317899313e-02 1.229620802902085615e+02
-8.362417808570813405e-01 -3.617856409214639107e-02 -1.598879869508208415e-02 1.970209137337333369e-02 1.239619065476605755e+02
-8.540385953177749290e-01 -3.696673082813382166e-02 -1.500369412641341764e-02 2.013418591152793882e-02 1.249617498081850897e+02
-8.708898550398486149e-01 -3.782481844100498564e-02 -1.399698483083702122e-02 2.051878059873640109e-02 1.259616095240421458e+02
-8.867774385005419147e-01 -3.870875344619120056e-02 -1.297104580090020082e-02 2.085092178929969300e-02 1.269614850970431092e+02
-9.016833954368251858e-01 -3.957771022231520303e-02 -1.192849971143521669e-02 2.113315766478698551e-02 1.279613758702612643e+02
-9.155903569935415209e-01 -4.040060477574677900e-02 -1.087184182819586793e-02 2.137213403415581456e-02 1.289612811219766968e+02
-9.284818955125171414e-01 -4.115823970296539347e-02 -9.803235126488077378e-03 2.157570108155202476e-02 1.299612000630698105e+02
-9.403427867187756917e-01 -4.184234416580797505e-02 -8.724450072410476834e-03 2.175089576152754514e-02 1.309611318378732392e+02
-9.511591637001598487e-01 -4.245287886848050224e-02 -7.636905284334099056e-03 2.190285543641040319e-02 1.319610755277595331e+02
-9.609185767959979030e-01 -4.299478817364708882e-02 -6.541762512513578896e-03 2.203451733341061855e-02 1.329610301564669328e+02
-9.696099860600307929e-01 -4.347503723407591253e-02 -5.440036645843047969e-03 2.214686228718887318e-02 1.339609946962304718e+02
-9.772237155706188227e-01 -4.390039738910636591e-02 -4.332693531483603963e-03 2.223944856625440294e-02 1.349609680740361455e+02
-9.837513948131679786e-01 -4.427612241922360137e-02 -3.220721103170883469e-03 2.231102245023274672e-02 1.359609491776155892e+02
-9.891859049872443466e-01 -4.460543214940831253e-02 -2.105169980659246133e-03 2.236005868822451767e-02 1.369609368610580873e+02
-9.935213400784556059e-01 -4.488959609326452493e-02 -9.871670462480201195e-04 2.238515330935831812e-02 1.379609299500912130e+02
-9.967529856754133721e-01 -4.512837305369604701e-02 1.320906192198959168e-04 2.238524911673014581e-02 1.389609272471657277e+02
-9.988773136895774396e-01 -4.817660269664545553e-02 1.251353075056403337e-03 1.910385568645360174e-02 1.399609275364935002e+02
-1.000034789189957696e+00 -7.909262426067566187e-02 2.206545859379083381e-03 -1.917758920456203234e-02 1.409609297678475457e+02
-1.001782866706928177e+00 4.191795746555507934e-02 1.247666399150981721e-03 7.959136932407026577e-02 1.419609360594942586e+02
-9.984393043895124498e-01 -6.530721603279841803e-02 5.227234865354495399e-03 2.505989666603771621e-02 1.429609326661779676e+02
-9.964774095193471570e-01 -6.570080374096795572e-02 6.480229698656381557e-03 1.997689231975185303e-02 1.439609360729469927e+02
-9.932821963873745830e-01 -6.025852770116194024e-02 7.479074314643974555e-03 1.796224664105898136e-02 1.449609363639979733e+02
-9.888160339172344937e-01 -5.391545069065269841e-02 8.377186646696923450e-03 1.739800122951442110e-02 1.459609309295423145e+02
-9.831346231956485937e-01 -4.823960365232799613e-02 9.247086708172643638e-03 1.778119610811991144e-02 1.469609184238450155e+02
-9.762995453319833761e-01 -4.402457644147002302e-02 1.013614651357864008e-02 1.863166010528805039e-02 1.479608979733154115e+02
-9.683646881289088570e-01 -4.147131026923663033e-02 1.106772951884304329e-02 1.955574857736243691e-02 1.489608689146179472e+02
-9.593706230793640488e-01 -4.037343808637577913e-02 1.204551694771116566e-02 2.029011323939202208e-02 1.499608306171185177e+02
-9.493439228762222681e-01 -4.031138105263788740e-02 1.306002260968076693e-02 2.070386526562590507e-02 1.509607823861150564e+02
-9.382996686885293203e-01 -4.081494942163562539e-02 1.409521587296206149e-02 2.077366713245864735e-02 1.519607234278610406e+02
-9.262454642905995073e-01 -4.147392172161093460e-02 1.513389922958499438e-02 2.054730920962379720e-02 1.529606528557741285e+02
-9.131856013691489471e-01 -4.199490878472000865e-02 1.616126469006618285e-02 2.010724642220651850e-02 1.539605697224165226e+02
-8.991245114198397337e-01 -4.221297400182727477e-02 1.716662701117650791e-02 1.954224697006717512e-02 1.549604730650853810e+02
-8.840690652548885975e-01 -4.207652211987029239e-02 1.814373935967986823e-02 1.892649950624719635e-02 1.559603619531017955e+02
-8.680298011817270121e-01 -4.161173280427429844e-02 1.909006433499222874e-02 1.831287755737827719e-02 1.569602355291564209e+02
-8.510211038631216862e-01 -4.089035398927434728e-02 2.000570821286114243e-02 1.772953719142485868e-02 1.579600930355323385e+02
-8.330608386749830396e-01 -3.999760208511801696e-02 2.089218507243238709e-02 1.718470250508324221e-02 1.589599338273222031e+02
-8.141696170809341604e-01 -3.901140192752518970e-02 2.175142019768654816e-02 1.667235771992627014e-02 1.599597573723875996e+02
-7.943700207137107672e-01 -3.799008848425124152e-02 2.258503808368286098e-02 1.617900855455479611e-02 1.609595632438983728e+02
-7.736859226167303039e-01 -3.696855203563074316e-02 2.339398851141060234e-02 1.568947019854962169e-02 1.619593511094993517e+02
-7.521419897078506223e-01 -3.596133811410933551e-02 2.417846202133808187e-02 1.518993081803977040e-02 1.629591207207795662e+02
-7.297634247559754428e-01 -3.496670916292342335e-02 2.493795856224007013e-02 1.467097623746711765e-02 1.639588719062628854e+02
-7.065758427800087338e-01 -3.397420253852840438e-02 2.567150737411342740e-02 1.412733843096105300e-02 1.649586045668872032e+02
-6.826053054230475370e-01 -3.296980766110219063e-02 2.637787429566148048e-02 1.355769021397007675e-02 1.659583186754977078e+02
-6.578784068539532681e-01 -3.194040360849325494e-02 2.705575880635998492e-02 1.296343147378522902e-02 1.669580142781726977e+02
-6.324223844883147816e-01 -3.087606565870164646e-02 2.770393038004924716e-02 1.234761395131245103e-02 1.679576914967781818e+02
-6.062652086828508313e-01 -2.977110573865266938e-02 2.832131107761487118e-02 1.171381679970422661e-02 1.689573505313907162e+02
-5.794356418691302135e-01 -2.862387659057754469e-02 2.890700191760008086e-02 1.106532459505494247e-02 1.699569916620678498e+02
-5.519632615440638324e-01 -2.743561667055486111e-02 2.946026814735282912e-02 1.040490621457885491e-02 1.709566152495421818e+02
-5.238784402631188053e-01 -2.620963201615176402e-02 2.998051345808177073e-02 9.734441492820523900e-03 1.719562217344132478e+02
-4.952123105340026088e-01 -2.494997902412235749e-02 3.046723553272279866e-02 9.055134776462032964e-03 1.729558116355068762e+02
-4.659967083291615686e-01 -2.366070206753227018e-02 3.091999227154590066e-02 8.367676601970569852e-03 1.739553855471519626e+02
-4.362641122746817035e-01 -2.234537823859045549e-02 3.133837610164443011e-02 7.672417320365693127e-03 1.749549441358819593e+02
-4.060475857841082670e-01 -2.100683479603390053e-02 3.172199696766271615e-02 6.969612370549829565e-03 1.759544881368227323e+02
-3.753807220900388097e-01 -1.964720183299157805e-02 3.207047758619020750e-02 6.259545162115243144e-03 1.769540183498172894e+02
-3.442975966671726895e-01 -1.826808580365273452e-02 3.238345484429597243e-02 5.542578042209748111e-03 1.779535356354833766e+02
-3.128327269442259806e-01 -1.687062410074307781e-02 3.266058374640645745e-02 4.819315968957549844e-03 1.789530409112477116e+02
-2.810210308121878220e-01 -1.545586785689809575e-02 3.290154954485433741e-02 4.090488638736298858e-03 1.799525351471160945e+02
-2.488977921510736602e-01 -1.402522679670883433e-02 3.310607397679115466e-02 3.356555339096035321e-03 1.809520193614724519e+02
-2.164986423654844394e-01 -1.257912863472769593e-02 3.327390174374595527e-02 2.618930731006895857e-03 1.819514946172245118e+02
-1.838594884511523808e-01 -1.111948462139817490e-02 3.340484828029630093e-02 1.878144508192565497e-03 1.829509620160014549e+02
-1.510165165381393004e-01 -9.647552764920049387e-03 3.349875550570592664e-02 1.135186541246612467e-03 1.839504226947193786e+02
-1.180061328879683236e-01 -8.164895205338489406e-03 3.355551483276825869e-02 3.909423443815008268e-04 1.849498778199048274e+02
-8.486492974456549820e-02 -6.673164551719728589e-03 3.357506194998733512e-02 -3.537353662726742324e-04 1.859493285827330737e+02
-5.162964572978134825e-02 -5.174034084111363806e-03 3.355737518167370426e-02 -1.097999796222097046e-03 1.869487761937784285e+02
-1.833712439536616667e-02 -3.669195414968500196e-03 3.350247519186259904e-02 -1.841018674815860998e-03 1.879482218776201137e+02
1.497572704208244287e-02 -2.160361905491407081e-03 3.341042425812180278e-02 -2.581994334827424683e-03 1.889476668673952418e+02
4.827197806725556928e-02 -6.488902795911884744e-04 3.328132454138043456e-02 -3.319763112903758705e-03 1.899471123993456274e+02
8.151473241099335687e-02 8.618364662535460191e-04 3.311533638573524452e-02 -4.055146365654626293e-03 1.909465597067792260e+02
1.146670848058542608e-01 2.373577300427261172e-03 3.291257906745251316e-02 -4.784791746839431488e-03 1.919460100173938031e+02
1.476923367619426553e-01 3.881842606645612148e-03 3.267333948011054423e-02 -5.509632916478519361e-03 1.929454645420310612e+02
1.805538517024459777e-01 5.385863580279894730e-03 3.239785783428662108e-02 -6.228492511297146518e-03 1.939449244754488859e+02
2.132151941179328269e-01 -1.726899253907517584e-01 3.208643320872176657e-02 -2.116549312873578503e-01 1.949443909877595331e+02
2.366660700285997398e-01 4.069031122131428480e-01 2.150368664435387336e-02 2.486121810785681674e-01 1.959441532649759097e+02
2.785085513682846181e-01 -7.166625449938583692e-02 3.393429569828228243e-02 5.965729716454237427e-03 1.969434846074805705e+02
3.088550849132344345e-01 -7.434203889434569390e-02 3.423258218410499265e-02 -1.678039944044117104e-02 1.979430304683753548e+02
3.393660572903512418e-01 -5.121658843659038923e-02 3.339356221208293618e-02 -2.640616333378859037e-02 1.989425718118982047e+02
3.701940117623243598e-01 -2.259717956992332577e-02 3.207325404539350389e-02 -2.861068496287392723e-02 1.999420997980348602e+02
4.011324892762697103e-01 2.516698971261656110e-03 3.064271979724980666e-02 -2.680456585913145243e-02 2.009416217273542884e+02
4.318961897093359092e-01 2.112402649861136114e-02 2.930249150429323213e-02 -2.286884498412324052e-02 2.019411484206297018e+02
4.622502359423942830e-01 3.237037129364676857e-02 2.815904925508707149e-02 -1.850120098240671390e-02 2.029406881884421239e+02
4.920234408956763450e-01 3.715597752203406851e-02 2.723398920596673684e-02 -1.482206694888125315e-02 2.039402461786903871e+02
5.211111736592514143e-01 5.228048718246172677e-02 2.649288585852267383e-02 4.716854944402215644e-03 2.049398247675063658e+02
5.502140675758634414e-01 4.796236959815639023e-03 2.672872860574278600e-02 -2.889132828955813526e-02 2.059394046065832811e+02
5.771793398729101465e-01 2.628035227460712164e-02 2.528416219126487785e-02 -2.233222507502267626e-02 2.069390410062805188e+02
6.037744057874540049e-01 4.646259394261288700e-02 2.416755093751374317e-02 -5.708599453245883498e-03 2.079386881585854212e+02
6.302620554957050203e-01 3.435159261378210871e-02 2.388212096485144847e-02 -7.970796103835171842e-03 2.089383399986500081e+02
6.558589961462882867e-01 2.018580639537059102e-02 2.348358115965969162e-02 -1.811488411138123186e-02 2.099380138188079172e+02
6.803494309483427704e-01 2.749990485829094736e-02 2.257783695409062985e-02 -1.532426330385886631e-02 2.109377143926149643e+02
7.042999945430004072e-01 2.759169415124417685e-02 2.181162378889768549e-02 -1.645763591359091990e-02 2.119374284823003052e+02
7.274891454581622341e-01 2.835927646217393724e-02 2.098874199321813794e-02 -1.755703078657311692e-02 2.129371605296678922e+02
7.498939979750767204e-01 2.975134734583431348e-02 2.011089045388948088e-02 -1.843439957624911502e-02 2.139369105150167911e+02
7.714907993774323680e-01 3.146320541895458039e-02 1.918917047507702478e-02 -1.908041258600303228e-02 2.149366783835872070e+02
7.922516628631077751e-01 3.323229002318631858e-02 1.823514984577687473e-02 -1.953225277260274215e-02 2.159364640913169069e+02
8.121471403797998478e-01 3.487732025529638458e-02 1.725853720714673814e-02 -1.984644118221482248e-02 2.169362675374687797e+02
8.311484271444823380e-01 3.630236765046076369e-02 1.626621514803599719e-02 -2.008034549944459971e-02 2.179360885175296971e+02
8.492288032466471792e-01 3.748267211303176610e-02 1.526219787306376703e-02 -2.028068671735486564e-02 2.189359267017649131e+02
8.663643239452678557e-01 3.844211090287703858e-02 1.424816353719602323e-02 -2.047850126266143392e-02 2.199357816343962213e+02
8.825339158453174848e-01 -9.620920261248047667e-02 1.322423847406295136e-02 -1.750896032016613368e-01 2.209356527454837931e+02
8.909477293702571243e-01 3.405098225828310232e-01 4.469758313979884518e-03 1.722245473203255217e-01 2.219356289193342775e+02
9.124427938563953733e-01 -2.075697236744687355e-02 1.308098567999616164e-02 -1.040815152603844461e-02 2.229355428304040743e+02
9.244856466615412049e-01 -2.355664240958785238e-02 1.256057810369424002e-02 -2.751761315126971877e-02 2.239354708512265972e+02
9.358681552818505223e-01 -6.008496618616905420e-03 1.118469744613075426e-02 -3.391629675332020338e-02 2.249354067620658952e+02
9.467522134933030742e-01 1.452084665289878930e-02 9.488882608464744434e-03 -3.542270410918814394e-02 2.259353475740802537e+02
9.569669633545271337e-01 3.275956674796166868e-02 7.717747403005337063e-03 -3.376661718194300804e-02 2.269352956657443769e+02
9.663225636972685439e-01 5.783460539529942240e-02 6.029416543908186835e-03 -1.717355067820518222e-02 2.279352532427021458e+02
9.752436214162850669e-01 1.540072946777046592e-01 5.170739009997927550e-03 9.999512238605826053e-02 2.289352176304846012e+02
9.881145991785861282e-01 -2.176336324944455891e-01 1.017049512930084075e-02 -2.050310527482442913e-01 2.299351644458445492e+02
9.874038001366041151e-01 1.204304303590599395e-01 -8.105750811137485412e-05 -3.037754951781563434e-02 2.309352233969867711e+02
9.933442641267528073e-01 1.181512438213226657e-01 -1.599934984002156571e-03 -1.400025752040254777e-02 2.319352238817911314e+02
9.976518844553367016e-01 9.792841428996867936e-02 -2.299947860022283960e-03 -7.588362374660506150e-03 2.329352320536068248e+02
1.000248346387067944e+00 7.504091995900882828e-02 -2.679365978755309397e-03 -6.449223226254869462e-03 2.339352406702303142e+02
1.001321016144159248e+00 5.501654560225219259e-02 -3.001827140068052957e-03 -8.796946998679390853e-03 2.349352471338237933e+02
1.001070008398632361e+00 -1.340900663852494512e-01 -3.441674490002022500e-03 -2.120973545675423622e-01 2.359352508858396789e+02
9.909238770916686256e-01 4.206229034774864872e-01 -1.404654221837914156e-02 2.320539634957633213e-01 2.369352218886113803e+02
9.979068672076595314e-01 -4.871936690421740934e-02 -2.443844043590975151e-03 -6.778455329619677110e-03 2.379354186427134721e+02
9.930270645257016637e-01 -5.179906007233701926e-02 -2.782766810071959050e-03 -3.102777069199340321e-02 2.389354097034072879e+02
9.876543583315600117e-01 -2.638155664384743068e-02 -4.334155344671629037e-03 -4.019759255850131191e-02 2.399353986242882684e+02
9.820011511134857374e-01 3.542861351626000032e-03 -6.344034972596694286e-03 -4.199177720342979481e-02 2.409353835147813641e+02
9.758342981981740216e-01 3.001195551166744094e-02 -8.443623832768185067e-03 -3.903056008649990333e-02 2.419353645152532692e+02
9.688913189796081182e-01 4.912998157683983597e-02 -1.039515183709318127e-02 -3.370594225041364383e-02 2.429353415384059360e+02
9.609527207131672855e-01 2.554487708136552598e-02 -1.208044894961386381e-02 -6.715374638434858101e-02 2.439353130445226157e+02
9.501497162491286952e-01 1.400923419115553126e-01 -1.543813626883129217e-02 2.636282071960800721e-02 2.449352555060904990e+02
9.417159756028290474e-01 4.631497463171761753e-02 -1.411999523285089111e-02 -1.636969980349940040e-02 2.459352444743693411e+02
9.299119674443172556e-01 4.086133861624000052e-02 -1.493848022302586044e-02 -1.831098132300899503e-02 2.469351774861674187e+02
9.170168817939541306e-01 -1.046869143200502422e-01 -1.585402928917631002e-02 -1.830768979730361679e-01 2.479350964283265171e+02
8.959298287460452093e-01 3.583636243256239640e-01 -2.500787418782812049e-02 1.860273325767227703e-01 2.489348877738425756e+02
8.888371396536514091e-01 -3.282467827912614183e-02 -1.570650755899197920e-02 -1.546386218226535048e-02 2.499350231421700528e+02
8.714902463946903044e-01 -9.135343275101683383e-03 -1.647970066810524811e-02 -9.794990300302553604e-03 2.509348740205229262e+02
8.545545865034840372e-01 -2.604974541036508828e-02 -1.696945018312037701e-02 -3.872469663498755849e-02 2.519347307062835739e+02
8.362836509940078100e-01 9.392587913381022710e-03 -1.890568501486975667e-02 -3.312302826617687795e-02 2.529345646271868020e+02
8.178486376557315696e-01 2.889409613280058062e-02 -2.056183642817860022e-02 -3.016595342965282603e-02 2.539343947981833480e+02
7.987326494983685299e-01 4.230020695990870105e-02 -2.207013409966124273e-02 -2.570945959917390194e-02 2.549342131147632813e+02
7.787788023161968942e-01 4.942722108183568441e-02 -2.335560707961993610e-02 -2.096559557964056825e-02 2.559340162540119081e+02
7.578960055721166711e-01 5.112969114029165124e-02 -2.440388685860196347e-02 -1.683754811013353156e-02 2.569338012391090160e+02
7.360502642672739348e-01 4.895032203540803512e-02 -2.524576426410864161e-02 -1.377377271002540142e-02 2.579335658610076507e+02
7.132539178258794355e-01 4.457963767682066036e-02 -2.593445289960991107e-02 -1.185107003044009490e-02 2.589333089864773569e+02
6.895506043865970991e-01 4.443486064505687561e-02 -2.652700640113191469e-02 -5.252805666225287759e-03 2.599330305083484518e+02
6.652476703501866151e-01 2.372518045655730434e-02 -2.678964668444317951e-02 -1.768003614093648090e-02 2.609327376172254844e+02
6.396470613408092865e-01 3.310737222686668119e-02 -2.767364849149000355e-02 -1.106572512242806790e-02 2.619324105717604994e+02
6.136316797218680508e-01 3.044613127831475446e-02 -2.822693474761140547e-02 -1.060017186172647861e-02 2.629320734850289796e+02
5.869301933207698996e-01 2.803562824917787966e-02 -2.875694334069773053e-02 -1.041501534320935819e-02 2.639317180958988729e+02
5.595784151409852747e-01 6.199107772806376759e-03 -2.927769410785819801e-02 -3.304864715910671435e-02 2.649313449488902847e+02
5.306147261331173315e-01 6.940217817079305518e-02 -3.093012646581353234e-02 1.872191729445041655e-02 2.659309254613010580e+02
5.031579802610578467e-01 1.480869286101961502e-02 -2.999403060109101168e-02 -7.848146655848098341e-03 2.669305544768673144e+02
4.739085483769934770e-01 1.347628771650421706e-02 -3.038643793388341730e-02 -9.755868626173568731e-03 2.679301268949431005e+02
4.442002897052863553e-01 1.512806828346102868e-02 -3.087423136519209729e-02 -9.992603407725507078e-03 2.689296857343280180e+02
4.140870060200778080e-01 -8.251386876701786999e-02 -3.137386153557836926e-02 -1.230364761425987580e-01 2.699292325127690333e+02
3.785946281082148701e-01 1.888710038494412491e-01 -3.752568534270830924e-02 7.577948423222763408e-02 2.709286109758431849e+02
3.505146511576255897e-01 -2.080172089061875854e-02 -3.373671113109692754e-02 -4.945179356221186123e-02 2.719282612624608078e+02
3.157448451179114546e-01 1.926528952984454812e-01 -3.620930080920752026e-02 1.535699030031479340e-01 2.729276571511690577e+02
2.891697869167015877e-01 -2.003147308200068366e-01 -2.853080565905012286e-02 -1.267570693855445407e-01 2.739273503811785417e+02
2.506311914337618352e-01 1.744959269026269688e-01 -3.486865912832735198e-02 1.484413491011365160e-01 2.749266576870843437e+02
2.244890905412315341e-01 -1.443595562117331865e-01 -2.744659167327052549e-02 -5.688402551348933217e-02 2.759263539972866965e+02
1.898306854538212018e-01 1.147016642828053712e-01 -3.029079294894499244e-02 1.521507953938494029e-01 2.769257792792164992e+02
1.652769767754355690e-01 -1.535787253077741388e-01 -2.268325317925252299e-02 -1.275549901190923055e-02 2.779254942418781411e+02
1.349187079197703698e-01 -2.098028041822128931e-01 -2.332102812984798365e-02 -1.361569442403411934e-01 2.789250628196026582e+02
1.011125059681371591e-01 -1.765144096634922721e-01 -3.012887534186504263e-02 -2.597918906845711473e-01 2.799245462780706930e+02
6.216647364664025510e-02 2.664635413479921611e-01 -4.311846987609359999e-02 1.044872972787524480e-02 2.809238265690343610e+02
3.237215726714530450e-02 2.104765042816343634e-01 -4.259603338969984027e-02 4.039669524482361607e-02 2.819234714088443070e+02
3.032832332652835028e-04 1.399082750225197347e-01 -4.057619862745866224e-02 5.668139820369973159e-02 2.829230124726407780e+02
-3.327212619417505707e-02 6.347143548372838340e-02 -3.774212871727367774e-02 5.422979410966295710e-02 2.839224731410491813e+02
-6.783398342243077139e-02 2.756960911842585519e-03 -3.503063901179052919e-02 4.270606147486962628e-02 2.849218807403712503e+02
-1.027196947832239027e-01 -3.595275370678644583e-02 -3.289533593804704753e-02 2.835727959123801253e-02 2.859212720581967346e+02
-1.374057635096364860e-01 -5.388401443411613978e-02 -3.147747195848514534e-02 1.518617114763520792e-02 2.869206719321899186e+02
-1.715709036646621555e-01 -2.440239140465197062e-02 -3.071816340110338633e-02 4.121840766096931258e-02 2.879200917648507243e+02
-2.035037802817336317e-01 -1.176262688333470502e-01 -2.865724301805492105e-02 -4.525349143259364826e-02 2.889195825252296004e+02
-2.380359996891753815e-01 -2.109605207517126213e-02 -3.091991758968460485e-02 -4.789541413528265908e-03 2.899190034153808142e+02
-2.700052891544778566e-01 -7.829268945253618772e-03 -3.115939466036101932e-02 9.953831643740426911e-05 2.909184928235986263e+02
-3.015509153344932414e-01 -1.964523669926047499e-03 -3.115441774453914930e-02 4.254627749082776252e-03 2.919179952131468099e+02
-3.327984721072985708e-01 -6.709457798487164677e-04 -3.094168635708501036e-02 7.951189222304366755e-03 2.929175068938409936e+02
-3.637687527324717229e-01 -2.693492507428250481e-03 -3.054412689596979272e-02 1.079353003456373986e-02 2.939170272002097022e+02
-3.944427423332491078e-01 -6.650512914161591828e-03 -3.000445039424160659e-02 1.267967650181173363e-02 2.949165566517513639e+02
-4.247750669031592485e-01 -1.130717531381317427e-02 -2.937046656915101930e-02 1.373010416659513691e-02 2.959160965762463888e+02
-4.547064259784862617e-01 -1.575910510940092824e-02 -2.868396136082126263e-02 1.417971457861010726e-02 2.969156486926337379e+02
-4.841740852438910503e-01 -1.560614580842140803e-02 -2.797497563189075762e-02 1.870711470568585388e-02 2.979152147374406354e+02
-5.129254141290590097e-01 -3.089692342740425410e-02 -2.703961989660646353e-02 8.740422960250454967e-03 2.989148016370980940e+02
-5.415060206390206465e-01 -2.247280216464120003e-02 -2.660259874859394191e-02 1.400368343646207422e-02 2.999143943218858794e+02
-5.692287242624389787e-01 -2.367459790761751795e-02 -2.590241457677083803e-02 1.464315429772111883e-02 3.009140106054021544e+02
-5.963115752778985756e-01 -2.503721763905683226e-02 -2.517025686188478079e-02 1.513369243532614733e-02 3.019136444985837215e+02
-6.227306388386415481e-01 -2.629748124249086869e-02 -2.441357224011847515e-02 1.562145619608876386e-02 3.029132962380591607e+02
-6.484562682122505528e-01 -2.747698740117915372e-02 -2.363249943031403566e-02 1.611396047877667118e-02 3.039129661440217092e+02
-6.734600336756398908e-01 -2.860420393158265989e-02 -2.282680140637520158e-02 1.660881006111649197e-02 3.049126544450309666e+02
-6.977146903652967636e-01 -3.029546158881074244e-02 -2.199636090331937716e-02 1.642239464515981781e-02 3.059123612806233155e+02
-7.212236841657695408e-01 -2.945917414178003679e-02 -2.117524117106138470e-02 1.843155224008994827e-02 3.069120860536223745e+02
-7.438699713971173022e-01 -3.211703769679351284e-02 -2.025366355905688573e-02 1.809385003369450712e-02 3.079118306786551784e+02
-7.657277727994928895e-01 -3.318108477280077434e-02 -1.934897105737216211e-02 1.846531436899498391e-02 3.089115930580624649e+02
-7.867342802472637731e-01 -3.413732685455730248e-02 -1.842570533892241152e-02 1.885925343972501972e-02 3.099113737735725067e+02
-8.068655196004526076e-01 2.511650702786135097e-03 -1.748274266693616158e-02 6.207367843004544389e-02 3.109111725766298377e+02
-8.242218083480462587e-01 -1.193481872964022167e-01 -1.437905874543388834e-02 -3.402071366147847720e-02 3.119110219527919980e+02
-8.445671640752701048e-01 -1.361411149352213454e-02 -1.608009442850781220e-02 2.397409940449954716e-02 3.129108327731349846e+02
-8.613271831143206603e-01 -3.319572358907776216e-02 -1.488138945828283537e-02 1.333788227176325135e-02 3.139106925458640944e+02
-8.778676257153830154e-01 -2.246304128922028964e-02 -1.421449534469467271e-02 2.358185627122579009e-02 3.149105571210184848e+02
-8.932046809862135284e-01 -2.867577017154851818e-02 -1.303540253113338356e-02 2.499206042850410370e-02 3.159104401322783815e+02
-9.076733810485468901e-01 -3.513079864752173542e-02 -1.178579950970817802e-02 2.502650216369951830e-02 3.169103364831407816e+02
-9.212153256465692719e-01 -4.033775083581505466e-02 -1.053447440152320211e-02 2.437457828384166636e-02 3.179102463296615042e+02
-9.337663808356518880e-01 -4.387711599096620618e-02 -9.315745487331118443e-03 2.346289511424541965e-02 3.189101695961419978e+02
-9.452757521874183277e-01 -4.581021721809794972e-02 -8.142600731618846940e-03 2.259632975922458431e-02 3.199101057677921744e+02
-9.557086978696155422e-01 8.556989368149611752e-02 -7.012784243657617725e-03 1.724814530915030897e-01 3.209100539664926828e+02
-9.584430351548061111e-01 -3.393918054270025353e-01 1.611288410917536759e-03 -1.666689151875113406e-01 3.219100593809362181e+02
-9.738013156838091211e-01 1.390951734728472153e-02 -6.722157348458030965e-03 1.102955381260487845e-02 3.229100854257036417e+02
-9.798279622521961496e-01 1.780938396054182471e-02 -6.170679657827787129e-03 2.754077296201218675e-02 3.239100675071520072e+02
-9.851081505048862041e-01 1.756615275829187181e-03 -4.793641009727177792e-03 3.375331253171428431e-02 3.249100539633340077e+02
-9.898139434011309357e-01 1.663941118244637862e-01 -3.105975383141463403e-03 2.448314196796327058e-01 3.259100428948864874e+02
-9.846002483295310803e-01 -4.426840117884820458e-01 9.135595600840172581e-03 -2.283414561678580035e-01 3.269100639121080576e+02
-9.975980567484762362e-01 3.561259616073311762e-02 -2.281477207552728981e-03 1.599274265799460748e-02 3.279102243891376247e+02
-9.980989068029689770e-01 3.270944015695067403e-02 -1.481840074652998520e-03 3.530236064501472704e-02 3.289102258490324289e+02
-9.979452761230833691e-01 6.810728114243334679e-03 2.832779575977378318e-04 4.047682539580638172e-02 3.299102271746147039e+02
-9.973214617772255819e-01 -1.964673234972913116e-02 2.307119227388057005e-03 3.992834760018112994e-02 3.309102270380250275e+02
-9.959966785996563488e-01 -4.097128353742712781e-02 4.303536607397113675e-03 3.611505500068478564e-02 3.319102266429923134e+02
-9.937417004828951184e-01 -5.499611659460385688e-02 6.109289357431353130e-03 3.100824788254582728e-02 3.329102261988366536e+02
-9.903822036424670960e-01 -6.181713677368176618e-02 7.659701751558644842e-03 2.603085007204623477e-02 3.339102243364414448e+02
-9.858133429583706420e-01 -6.284413866461689702e-02 8.961244255160956754e-03 2.203282539357865819e-02 3.349102186758794346e+02
-9.799942994082114778e-01 -6.519785385539106359e-02 1.006288552483988914e-02 1.346739422410107856e-02 3.359102066819057768e+02
-9.731913113563502860e-01 -4.382231671044455046e-02 1.073625523604494238e-02 2.536196687133127070e-02 3.369101888548738657e+02
-9.646462519302885230e-01 -5.360728600868380767e-02 1.200435357961150695e-02 1.685034590476536601e-02 3.379101547457661354e+02
-9.553223578386392800e-01 -4.603201410728816750e-02 1.284687087484977577e-02 1.912911206069149023e-02 3.389101148696469750e+02
-9.447772511174257204e-01 1.074032504638890023e-01 1.380332647788434959e-02 1.917330664264518258e-01 3.399100619172900224e+02
-9.256047120262964611e-01 -2.343654107563533373e-01 2.338997979920694192e-02 -3.228747420510205690e-02 3.409098925291390287e+02
-9.139319301134682938e-01 -2.957973755875012989e-01 2.177560608895183838e-02 -2.011670569590236768e-01 3.419098930611522746e+02
-9.069444073090275893e-01 1.702628703062187554e-01 1.171725324100065385e-02 9.611157917526304273e-02 3.429099780149155094e+02
-8.867148630641925600e-01 -7.575465480833554199e-02 1.652283219976380738e-02 -6.293755053393836063e-02 3.439098096203132400e+02
-8.739799983731179056e-01 1.920265100233572442e-01 1.337595467306688934e-02 1.746847231707213954e-01 3.449097357026516306e+02
-8.510039759610854571e-01 -2.011953993092446269e-01 2.211019083160296189e-02 -9.186366447893075382e-02 3.459095178228385521e+02
-8.389528977054336867e-01 8.672985034532842974e-02 1.751700760765642281e-02 1.076018761549297070e-01 3.469094958078385389e+02
-8.171009587024706811e-01 -1.106371052208043708e-02 2.289710141540290955e-02 9.760357713772954691e-02 3.479092664304961318e+02
-7.947588984940061607e-01 -3.216429896434203073e-01 2.777728027228938690e-02 -1.938532393546441301e-01 3.489090169685604224e+02
-7.830611357074165335e-01 8.006006108448188163e-02 1.808461830455718178e-02 2.643535920356708188e-02 3.499090778656450880e+02
-7.609751546853015247e-01 5.530998470499867703e-02 1.940638626473553674e-02 4.263342418633713632e-02 3.509088419545559532e+02
-7.388050079998620401e-01 1.080434710706624103e-03 2.153805747405239390e-02 2.796148167867783252e-02 3.519085999915739080e+02
-7.172146064886283368e-01 1.229158698854505571e-01 2.293613155798628414e-02 1.861045863564539937e-01 3.529083668931469333e+02
-6.881363088465081157e-01 -3.004615301896897406e-01 3.224136087580898452e-02 -1.297732110657632554e-01 3.539079629232430193e+02
-6.709158024265530207e-01 -1.174801733374195023e-02 2.575270032252082245e-02 1.218658325358056016e-02 3.549079274961086981e+02
-6.457531546430688163e-01 -1.009501920415963212e-02 2.636202948519985115e-02 1.840648105946584429e-02 3.559076110391343377e+02
-6.198987540431882826e-01 -1.805227105467389556e-02 2.728235353817314371e-02 1.842277844681592183e-02 3.569072768856766515e+02
-5.935220625307767728e-01 -2.508465389451988367e-02 2.820349246051393963e-02 1.686813557556958096e-02 3.579069293677203518e+02
-5.665760428346552358e-01 1.359905959947206866e-01 2.904689923929242024e-02 2.035759775870719657e-01 3.589065670446424292e+02
-5.307365664656643611e-01 -3.997241088411357390e-01 3.922569811864601991e-02 -2.241510932553984203e-01 3.599059477356401544e+02
-5.114917581839127925e-01 4.314155346285576675e-02 2.801814345587609612e-02 -3.255789761688265664e-03 3.609059622784154726e+02
-4.813210493097709874e-01 4.915810730454312633e-02 2.785535396779168296e-02 1.570790149141574818e-02 3.619055093665059530e+02
-4.510123456030580291e-01 3.116758817795302339e-02 2.864074904236247124e-02 2.211843341631510723e-02 3.629050529742482354e+02
-4.208177717429535947e-01 -1.090931900875294208e-01 2.974667071317822764e-02 -1.124968820531315472e-01 3.639045982289795234e+02
-3.965277341627042040e-01 2.546688139953641739e-01 2.412182661052164959e-02 1.899944517466336247e-01 3.649043180634254782e+02
-3.596785104251403187e-01 -7.700461853882382968e-02 3.362154919785333151e-02 2.472309258879050106e-02 3.659037200222098249e+02
-3.299113501820817307e-01 -8.637876073828167078e-02 3.485770382729285605e-02 5.334382778699476788e-03 3.669032842975064455e+02
-2.993770193759389131e-01 -7.320209561146649724e-02 3.512442296622782928e-02 -4.614220960859000478e-03 3.679028273470385670e+02
-2.679176655089863801e-01 -5.327091473270794547e-02 3.489371191818487622e-02 -9.267596130058662965e-03 3.689023390805471081e+02
-2.356929584620783558e-01 -3.283261508687466967e-02 3.443033211168194246e-02 -9.897448871451493962e-03 3.699018232788872638e+02
-2.029100863239756969e-01 -1.579115440797414227e-02 3.393545966810936759e-02 -8.049445221347402771e-03 3.709012871242793494e+02
-1.697702428445541090e-01 -3.904703428132091664e-03 3.353298740704199754e-02 -5.175773000274197164e-03 3.719007381606866147e+02
-1.364386649228169768e-01 2.757034142760460792e-03 3.327419875702828517e-02 -2.372998832808884215e-03 3.729001825283379503e+02
-1.030328304697215036e-01 5.175514570745845533e-03 3.315554881538784054e-02 -3.038864740816521470e-04 3.738996244072021682e+02
-6.962472240990971728e-02 4.785935693793756662e-03 3.314035449168376002e-02 7.641238399800799738e-04 3.748990662340639233e+02
-3.625126844472371240e-02 3.024529058979318150e-03 3.317856068368276595e-02 8.603599000681726562e-04 3.758985092138448749e+02
-2.927651455060333030e-03 1.048264164956038552e-03 3.322157867868617137e-02 1.921713710052483197e-04 3.768979538393345479e+02
3.034020088671510185e-02 -3.837093375917563433e-04 3.323118724723643502e-02 -9.626310473101287214e-04 3.778974003125124455e+02
6.354609733177024600e-02 -9.068775049734266241e-04 3.318305569487092765e-02 -2.336564139379481656e-03 3.788968488448588232e+02
9.667774472102935723e-02 5.451845201286910358e-02 3.306622748790195160e-02 5.896918300808790675e-02 3.798962998421554857e+02
1.324623794131135901e-01 -1.212951198335134317e-01 3.601468663830634936e-02 -8.353506345343246486e-02 3.808956630847124529e+02
1.624084577877951685e-01 2.763422174437787232e-02 3.183793346563472404e-02 -1.042773247253313794e-02 3.818952329990532348e+02
1.956220236091076869e-01 -5.427480631426412350e-01 3.131654684200806810e-02 -6.585450983309369954e-01 3.828946822314662768e+02
1.998093548114873719e-01 1.431066368362946983e+00 -1.610708074538780288e-03 9.610584244126442188e-01 3.838950416193401907e+02
2.697518730333138270e-01 -4.876976003935532544e-01 4.644221314609343204e-02 -1.023946443446236282e-01 3.848951555736081218e+02
2.918188058131992446e-01 -2.798736058596887344e-01 4.132248092886225271e-02 -9.220549274127261274e-02 3.858952094085846625e+02
3.191477931734961193e-01 -1.058327456777130443e-01 3.671220629179862416e-02 -4.857660899728443588e-02 3.868949338453861060e+02
3.505636816340290673e-01 -4.911743047882630164e-02 3.428337584193440202e-02 -5.184428958300801860e-02 3.878944542520699201e+02
3.823859136326254182e-01 3.973090045339629055e-03 3.169116136278399970e-02 -4.263868953643601412e-02 3.888939508137726193e+02
4.142703252859521457e-01 3.509296054022847250e-02 2.955922688596220038e-02 -3.467150903748050794e-02 3.898934423964070675e+02
4.455791293307402312e-01 5.633901512759112440e-02 2.782565143408817498e-02 -2.228827571729801241e-02 3.908929536957824098e+02
4.762170504480343070e-01 6.072280225223058991e-02 2.671123764822327593e-02 -1.372320354034671334e-02 3.918924882139463080e+02
5.059601688906580907e-01 5.588563522946851658e-02 2.602507747120593948e-02 -8.412723802329127171e-03 3.928920504006321153e+02
5.347756441685128648e-01 4.653176570499362175e-02 2.560444128108948364e-02 -6.247589722442484748e-03 3.938916390542267436e+02
5.627031135689839481e-01 3.641738711252542199e-02 2.529206179496736040e-02 -6.575549271405181292e-03 3.948912517139434613e+02
5.898127659359937436e-01 2.803583488049894712e-02 2.496328433139710298e-02 -8.497791584460850575e-03 3.958908858381677760e+02
6.161748126308460582e-01 2.259973264870740461e-02 2.453839475217406071e-02 -1.113841709800581642e-02 3.968905392818742257e+02
6.418403913435207775e-01 1.503334283896762096e-02 2.398147389727376885e-02 -1.979414376472508896e-02 3.978902105052967499e+02
6.665710176445456270e-01 -1.809513995009072729e-01 2.299176670903751302e-02 -2.516063931485321148e-01 3.988899049391745280e+02
6.805155800395935595e-01 4.933500006089522327e-01 1.041144705161090728e-02 2.865637499585643178e-01 3.998898486414408353e+02
7.155930020810096215e-01 -7.309992911320956077e-02 2.473963454953912594e-02 -2.010047471478565440e-03 4.008895376230849479e+02
7.366762350675790660e-01 -7.471354636395931281e-02 2.463913217596519836e-02 -2.942618875834616260e-02 4.018893220279873049e+02
7.575783308684530537e-01 -4.442390840292888277e-02 2.316782273804789127e-02 -3.955972788489950376e-02 4.028891105344606558e+02
7.785234817792970885e-01 -9.854981483866246186e-03 2.118983634380291678e-02 -4.161259521466678657e-02 4.038888936281176711e+02
7.992190939663412763e-01 1.046592223341807626e-01 1.910920658306957884e-02 5.754440181903853341e-02 4.048886795724266676e+02
8.235591432857696237e-01 -1.522258555386973855e-01 2.198642667402150516e-02 -1.617093105555994226e-01 4.058883970054451993e+02
8.379343454283363357e-01 1.091512557600073374e-01 1.390096114624153438e-02 -2.352154230718213335e-02 4.068883226453510247e+02
8.572918943786019819e-01 9.627728904975103863e-02 1.272488403088242737e-02 -1.817693568646723198e-02 4.078881501656214823e+02
8.748299097252359990e-01 8.483398558644046628e-02 1.181603724655906629e-02 -1.174816097196274001e-02 4.088880079511633312e+02
8.908870751894374385e-01 2.762403947307512930e-01 1.122862919796092929e-02 2.265573262018757417e-01 4.098878880236970303e+02
9.159266174553669648e-01 -4.060167004463860474e-01 2.255649550805471915e-02 -3.065180778733883060e-01 4.108876698965134437e+02
9.181855294835783443e-01 1.377357987355916635e-01 7.230591614385302804e-03 -2.840399862281125370e-02 4.118878733864189030e+02
9.323026680056843984e-01 1.332488404128903681e-01 5.810391683244740119e-03 -7.603980020636552130e-03 4.128877974506735882e+02
9.447753565519855234e-01 2.782808507015021027e-01 5.430192682212912382e-03 1.964890550598129004e-01 4.138877418592154527e+02
9.641193599415073257e-01 -3.083402830024118413e-01 1.525464543520355792e-02 -2.472009233416212759e-01 4.148876515601947403e+02
9.639581933640218869e-01 1.270287051713460680e-01 2.894599268122494129e-03 -2.017151851016099617e-02 4.158877703823106913e+02
9.732041972401654917e-01 2.561279150897514678e-01 1.886023342614444320e-03 1.551230942830758297e-01 4.168877478081269601e+02
9.878965924424375489e-01 -2.221591708041948665e-01 9.642178056768237193e-03 -2.003635969011346163e-01 4.178877218764384338e+02
9.864311789098997307e-01 1.242555079404880358e-01 -3.760017882884943152e-04 -1.452471771850324077e-02 4.188877824942542247e+02
9.922679520883225246e-01 -4.726210651012738989e-02 -1.102237674213656527e-03 -1.789617314788886360e-01 4.198877847595801427e+02
9.888026107472934756e-01 4.205272909798319914e-01 -1.005032424815808893e-02 2.168529835219890345e-01 4.208877815474130557e+02
9.997777583255618161e-01 -1.479118007512527158e-02 7.923249279413631385e-04 6.430291463837932778e-03 4.218879423615533710e+02
9.998305243989857871e-01 1.108956945024466706e-01 1.113839501133259821e-03 1.491498470386149744e-01 4.228879426336349638e+02
1.006489144955393211e+00 -3.517621686450773666e-01 8.571331853064008063e-03 -2.406378988087733706e-01 4.238879358373168316e+02
9.974729094991164891e-01 1.053757316711723818e-01 -3.460563087374661159e-03 1.238406622518327957e-03 4.248880498553450025e+02
9.992811083541528472e-01 -7.640455357763934786e-03 -3.398642756248744946e-03 -9.191796122745099495e-02 4.258880621005345120e+02
9.955004515791640030e-01 1.080440953523139763e-01 -7.994540817621294954e-03 -2.485068775472198607e-02 4.268880550267973604e+02
9.929080280538643555e-01 1.008781766417334441e-01 -9.237075205357395125e-03 -1.426900810256341579e-02 4.278880662583126195e+02
9.887147778561260481e-01 8.408339763353955831e-02 -9.950525610485566608e-03 -9.770475442498635643e-03 4.288880701871394194e+02
9.829683781997354819e-01 6.601263991488140470e-02 -1.043904938261049770e-02 -9.170846272787691600e-03 4.298880625140776601e+02
9.758299705694060133e-01 5.061037912912528386e-02 -1.089759169624988228e-02 -1.107217836674482744e-02 4.308880424825310911e+02
9.674629632658930944e-01 3.980241558752160153e-02 -1.145120061458712417e-02 -1.410922413477892073e-02 4.318880106803828767e+02
9.580020032141834951e-01 1.686357117517797710e-01 -1.215666182132607055e-02 1.364155019608253860e-01 4.328879679048758362e+02
9.542768033701570785e-01 -2.673352313325974561e-01 -5.335886723284800730e-03 -2.124916079514988787e-01 4.338879965134137819e+02
9.355743706871643139e-01 9.526690985555982816e-02 -1.596046712085974484e-02 -3.136284692576526284e-02 4.348879109544168955e+02
9.243773199832763243e-01 9.992949628384086014e-02 -1.752860946714800833e-02 -1.591148987254240380e-02 4.358878596108567081e+02
9.118453153645270648e-01 8.607251438825905265e-02 -1.832418396077512696e-02 -9.494553908530869654e-03 4.368877935654861062e+02
8.978250600689952066e-01 6.867820184307713016e-02 -1.879891165620167087e-02 -7.282442573824068205e-03 4.378877045383410973e+02
8.824605589859311205e-01 5.242006057967860816e-02 -1.916303378489287584e-02 -7.999509707990468468e-03 4.388875923939754102e+02
8.659192198259029194e-01 3.989155513867689157e-02 -1.956300927029239883e-02 -1.031863772924037845e-02 4.398874590119578443e+02
8.483516544579726704e-01 3.197722293563880908e-02 -2.007894115675441793e-02 -1.309078113189201913e-02 4.408873066798490186e+02
8.298726013140651503e-01 2.831614858778710303e-02 -2.073348021334901758e-02 -1.550921949602947041e-02 4.418871372059642795e+02
8.105561096724865910e-01 2.784421283277700027e-02 -2.150894118815049189e-02 -1.714017266362850844e-02 4.428869516275752858e+02
7.904407155208801328e-01 1.762914945665863264e-01 -2.236594982133191870e-02 1.497370340084158979e-01 4.438867502618855383e+02
7.768890004984153608e-01 -2.951830678592785029e-01 -1.487909812091112345e-02 -2.281031063163437844e-01 4.448866972843560461e+02
7.472529317026812556e-01 1.011702465096903647e-01 -2.628425343672831371e-02 -2.828191240931733977e-02 4.458863669978290432e+02
7.260284696857982611e-01 1.049924216380303116e-01 -2.769834905719418053e-02 -9.758841311676745914e-03 4.468861545306373841e+02
7.035812696414037726e-01 8.739726791909668835e-02 -2.818629112277801912e-02 -1.750901052634342000e-03 4.478859163431365573e+02
6.797668382048275282e-01 6.551883581194885287e-02 -2.827383617540973546e-02 1.047097454893957660e-03 4.488856422898646770e+02
6.547714014103456215e-01 -7.033818473701276830e-02 -2.822148130266503852e-02 -1.314101271046702324e-01 4.498853352226865923e+02
6.230381573293121145e-01 2.856147006901018637e-01 -3.479198765789855152e-02 1.621167673619915151e-01 4.508848377838992292e+02
6.025252810451824370e-01 -3.291908543957733357e-02 -2.668614928979897577e-02 3.241675098276735993e-03 4.518847293586710521e+02
5.741969308455172616e-01 -3.636192853173175060e-02 -2.652406553488513910e-02 -9.411498231520222177e-03 4.528843293855520074e+02
5.458585183381080563e-01 -3.585489915649545112e-02 -2.699464044646114960e-02 -2.725504301112342126e-02 4.538839294254935908e+02
5.170750645176726001e-01 -6.155256733829349292e-03 -2.835739259701731962e-02 -2.370426876375267625e-02 4.548835167036842790e+02
4.884138332257184634e-01 1.163347795835485525e-02 -2.954260603520495257e-02 -2.148046598712886543e-02 4.558831059335876148e+02
4.594569443817994037e-01 9.775929512269710200e-03 -3.061662933456139532e-02 -3.425429189740768904e-02 4.568826867642026173e+02
4.293336654487912574e-01 6.431672462005082191e-02 -3.232934392943177804e-02 8.008602319868043592e-03 4.578822330747797196e+02
4.002241087270159148e-01 9.146476981492679403e-02 -3.192891381343837542e-02 6.569265204244702228e-02 4.588818144748217946e+02
3.728715272371804224e-01 6.486736635104481050e-03 -2.864428121131602431e-02 4.353976096027548093e-02 4.598814507840843930e+02
3.445553667285243815e-01 -2.239511502570280810e-01 -2.646729316330224957e-02 -1.875809806527632684e-01 4.608810498538360889e+02
3.068975278924337413e-01 1.077517412809442104e-01 -3.584634219594041299e-02 -1.045894442355007822e-02 4.618804032810421063e+02
2.764429880744898593e-01 9.921646246134049885e-02 -3.636928941711791569e-02 8.302327036083648193e-03 4.628799539536439624e+02
2.450392584715889999e-01 7.174203933579959003e-02 -3.595417306531373258e-02 1.543899162975135610e-02 4.638794730457743185e+02
2.126776149361310486e-01 -9.264819059724402339e-02 -3.518222348382616521e-02 -1.377452864885707895e-01 4.648789557076190135e+02
1.728731061772980637e-01 3.182096829379819636e-01 -4.206948780825470191e-02 2.067413096111536119e-01 4.658781739321828468e+02
1.467124333639933664e-01 -6.084771925691602468e-02 -3.173242232769701854e-02 1.984579385346694688e-02 4.668779582902840275e+02
1.119444819128828095e-01 -7.347921850394840970e-02 -3.074013263502367241e-02 -1.264777024873023478e-03 4.678773583331418422e+02
7.753696519669844855e-02 -5.991867942687701537e-02 -3.080337148626732455e-02 -1.100250951318955742e-02 4.688767729722092668e+02
4.374395202279739853e-02 -3.898915182665940726e-02 -3.135349696192680363e-02 -1.444763410333969357e-02 4.698762063155999158e+02
1.044709230388055771e-02 -1.801823303291991141e-02 -3.207587866709378510e-02 -1.323636424828969656e-02 4.708756537226793171e+02
-2.252373460525500248e-02 -1.427006045875097535e-03 -3.273769687950826845e-02 -9.241697790394475670e-03 4.718751104432104171e+02
-5.532689606055817694e-02 8.918664470326274213e-03 -3.319978176902799172e-02 -4.163487128748388257e-03 4.728745722772438285e+02
-8.807489173803333127e-02 1.309182476883452573e-02 -3.340795612546541143e-02 7.409064756596218763e-04 4.738740360172742498e+02
-1.208224078402432150e-01 1.233766636040843113e-02 -3.337091080168243240e-02 4.725702702257633149e-03 4.748734998878962870e+02
-1.535705853835604984e-01 -9.672325838810431550e-03 -3.313462566656955044e-02 -1.307976663847312641e-02 4.758729637128607806e+02
-1.871824991140662864e-01 4.300394241733127704e-02 -3.378861399849320685e-02 3.492699227549313917e-02 4.768723987898618475e+02
-2.188157144065465687e-01 -6.504426256267138717e-02 -3.204226438471854954e-02 -5.038693868727079500e-02 4.778719006473078252e+02
-2.541030398078953367e-01 1.369654849099704030e-01 -3.456161131908208617e-02 1.242872791699380919e-01 4.788712831474329050e+02
-2.818135863646706873e-01 -1.160051885233368829e-01 -2.834724736058518227e-02 -3.469621368330386146e-02 4.798709225946685706e+02
-3.159549665303783006e-01 -2.864930271411789825e-02 -3.008205804475037534e-02 2.993717115502463402e-03 4.808703564389873577e+02
-3.474643047972825749e-01 -1.736712271092451937e-02 -2.993237218897525087e-02 8.374567408035384422e-03 4.818698609229984982e+02
-3.782601747145380999e-01 -2.265441188481075868e-02 -2.951364381857348243e-02 2.243246594096413079e-03 4.828693869949137820e+02
-4.089017613500210979e-01 -1.200682243145994102e-02 -2.940148148886866097e-02 8.381070998400606126e-03 4.838689180730821704e+02
-4.388990886763638466e-01 -1.140718308606927800e-02 -2.898242793894863223e-02 1.074273268440392205e-02 4.848684682322851813e+02
-4.684475789625676123e-01 -1.284949178097279099e-02 -2.844529130472843448e-02 1.257126151683653735e-02 4.858680317430394098e+02
-4.975312490932961573e-01 -1.539820799384724291e-02 -2.781672822888660648e-02 1.389599793306041040e-02 4.868676089301067123e+02
-5.261140027195926328e-01 -1.422700474589962683e-01 -2.712192833223358440e-02 -1.264570562122907527e-01 4.878672006562414936e+02
-5.603434922209695745e-01 2.538107769371411582e-01 -3.344478114284812204e-02 1.924472002020727046e-01 4.888666399710397741e+02
-5.810985967645029282e-01 -8.081873706922228229e-02 -2.382242113274448542e-02 2.517811196065370197e-02 4.898665050996504533e+02
-6.089585550026178629e-01 -8.531717421166928883e-02 -2.256351553471180188e-02 1.040819493433002563e-02 4.908661251034006909e+02
-6.357849288819935607e-01 -1.057451897600666935e-01 -2.204310578799530129e-02 -3.405192166120652592e-02 4.918657743134814382e+02
-6.631122245988921859e-01 1.813175395671676876e-02 -2.374570187105562794e-02 4.909968816790509505e-02 4.928654148358801876e+02
-6.859493628811315080e-01 -4.799555099014807258e-02 -2.129071746266037249e-02 1.290907290705465942e-02 4.938651544454867803e+02
-7.096377055524177857e-01 -4.594969541164978938e-02 -2.064526381730763874e-02 8.065640680933169882e-03 4.948648767175972694e+02
-7.325784979694984766e-01 1.352674462600914618e-01 -2.024198178326097955e-02 2.048739131039430117e-01 4.958646161828978620e+02
-7.460571107078958208e-01 -2.382762844299388116e-01 -9.998286128063828965e-03 -3.732296724971374130e-02 4.968645482156899220e+02
-7.679684489957210314e-01 -3.247237450480699450e-01 -1.186443449054951603e-02 -2.394545678353877105e-01 4.978643791175047113e+02
-7.960676496630291199e-01 1.358587574379364615e-01 -2.383716288231890051e-02 1.611959103293883824e-02 4.988641161072666819e+02
-8.131115471345715662e-01 1.870800056947218293e-01 -2.303118333067195878e-02 1.303233734461244353e-01 4.998639939245843493e+02
