0.000000000000000000e+00 0.000000000000000000e+00 3.333333333333333287e-02 0.000000000000000000e+00 0.000000000000000000e+00
3.332716083675362623e-02 -2.256675277622502765e-03 3.333333333333333287e-02 -2.572609816489652805e-03 9.994444958828685444e-01
6.654155058924650368e-02 -7.050150117900985452e-04 3.320470284250885001e-02 -3.290184772923919997e-03 1.998892752194733502e+00
9.970492079510502592e-02 5.616533146503185610e-04 3.304019360386264981e-02 -4.302439919041231055e-03 2.998342696973871568e+00
1.327671706538371965e-01 2.125495980748135297e-03 3.282507160791059420e-02 -5.239330978880092811e-03 3.997795991741992072e+00
1.656925653732273518e-01 3.873715104061238590e-03 3.256310505896658353e-02 -6.079968618267456160e-03 4.997253809599695451e+00
1.984434990673793198e-01 5.686577635668233280e-03 3.225910662805320933e-02 -6.834707456426656648e-03 5.996717372645558264e+00
2.309811918647378115e-01 7.475336776757078756e-03 3.191737125523187724e-02 -7.525314468747660440e-03 6.996187922181830388e+00
2.632667207328158732e-01 9.187790945594425177e-03 3.154110553179449716e-02 -8.176051281868580711e-03 7.995666678498019486e+00
2.952617578485034477e-01 1.080423179493402407e-02 3.113230296770106570e-02 -8.807847490461916465e-03 8.995154811813627305e+00
3.269289818688422278e-01 1.232859972965995483e-02 3.069191059317796788e-02 -9.435349932106455381e-03 9.994653425495210186e+00
3.582322137656824279e-01 1.377840704292299621e-02 3.022014309657264364e-02 -1.006632122948596803e-02 1.099416354933525497e+01
3.891363630745764968e-01 1.517586062753650475e-02 2.971682703509834558e-02 -1.070260920749144078e-02 1.199368613945853212e+01
4.196072745464426434e-01 1.654145504410144130e-02 2.918169657472377554e-02 -1.134190004596830580e-02 1.299322208144407931e+01
4.496115502025084809e-01 1.789034155871560214e-02 2.861460157242536051e-02 -1.197961561944549565e-02 1.399277219399056449e+01
4.791163979070082735e-01 1.923112227375996242e-02 2.801562079145308165e-02 -1.261053110544309644e-02 1.499233723145573194e+01
5.080895328365323538e-01 2.056638042784578180e-02 2.738509423618092770e-02 -1.322990485223526219e-02 1.599191788455107499e+01
5.364991377776394677e-01 2.189418265156942156e-02 2.672359899356916563e-02 -1.383408666413909159e-02 1.699151477919766151e+01
5.643138743672750923e-01 2.320989102244817165e-02 2.603189466036221270e-02 -1.442068509720428882e-02 1.799112847399007009e+01
5.915029303635229718e-01 2.450781480037524107e-02 2.531086040550199756e-02 -1.498842950257582574e-02 1.899075945689408229e+01
6.180360865761367339e-01 2.578244211278927014e-02 2.456143893037320697e-02 -1.553687021639306096e-02 1.999040814178485803e+01
6.438837893590514394e-01 2.702917259735789640e-02 2.378459541955355375e-02 -1.606603709432774182e-02 2.099007486529657385e+01
6.690172187065287490e-01 2.824459920454451198e-02 2.298129356483716995e-02 -1.657613881546489767e-02 2.198975988427488559e+01
6.934083464844570388e-01 2.942645663680355447e-02 2.215248662406392455e-02 -1.706734598355784047e-02 2.298946337395529227e+01
7.170299831616990804e-01 3.057337388136357678e-02 2.129911932488603304e-02 -1.753966833162804925e-02 2.398918542686378075e+01
7.398558140883825240e-01 3.168455392189745840e-02 2.042213590830463041e-02 -1.799291410477952061e-02 2.498892605236145315e+01
7.618604278169451849e-01 3.275947089147414337e-02 1.952249020306565455e-02 -1.842670828690513504e-02 2.598868517672694622e+01
7.830193393662637780e-01 3.379763711470201021e-02 1.860115478872039624e-02 -1.884054380987244814e-02 2.698846264367615788e+01
8.033090110098766168e-01 3.479845890837374861e-02 1.765912759822677730e-02 -1.923384335436614453e-02 2.798825821524330237e+01
8.227068724641166675e-01 3.576117559455206651e-02 1.669743543050846574e-02 -1.960601583760489264e-02 2.898807157297706283e+01
8.411913415454050913e-01 3.668486215792701732e-02 1.571713463862822041e-02 -1.995649877741199202e-02 2.998790231943217321e+01
8.587418456533572053e-01 3.756847109498735043e-02 1.471930969975762150e-02 -2.028478382320012680e-02 3.098774997995518632e+01
8.753388439199191184e-01 3.841089073942937498e-02 1.370507050859761516e-02 -2.059042702668244240e-02 3.198761400477235384e+01
8.909638495705499706e-01 3.921100280237446722e-02 1.267554915726349166e-02 -2.087304778186812107e-02 3.298749377138918959e+01
9.055994519432944978e-01 3.996772860122467519e-02 1.163189676817008578e-02 -2.113232104490887081e-02 3.398738858730736467e+01
9.192293376517066683e-01 4.068005963642651324e-02 1.057528071592464362e-02 -2.136796698378293918e-02 3.498729769305843007e+01
9.318383104964911290e-01 4.134707285469533394e-02 9.506882366735495624e-03 -2.157974110837822951e-02 3.598722026554688824e+01
9.434123098761361126e-01 4.196793374775370511e-02 8.427895311316584842e-03 -2.176742667399873127e-02 3.698715542168924486e+01
9.539384275802682556e-01 4.254189158288600170e-02 7.339523977616647932e-03 -2.193083001256084658e-02 3.798710222233152223e+01
9.634049229506521650e-01 4.306827091906826471e-02 6.242982476988605950e-03 -2.206977862972000701e-02 3.898705967642482051e+01
9.718012364561487981e-01 4.354646268822867650e-02 5.139493545502605946e-03 -2.218412142047525987e-02 3.998702674543730495e+01
9.791180017537193248e-01 4.397591693445387917e-02 4.030287474478842086e-03 -2.227373018713309574e-02 4.098700234798049280e+01
9.853470563063890797e-01 4.435613816713603053e-02 2.916600965122187993e-03 -2.233850169587415363e-02 4.198698536462755726e+01
9.904814506118806428e-01 4.468668339884506596e-02 1.799675880328480181e-03 -2.237835968437649342e-02 4.298697464290138015e+01
9.945154560723595827e-01 4.496716236904439723e-02 6.807578961096555966e-04 -2.239325646072527765e-02 4.398696900241003505e+01
9.974445715133608559e-01 4.519723920662923472e-02 -4.389049269266084375e-04 -2.238317393711264369e-02 4.498696724010695647e+01
9.992655283431901569e-01 4.537663476170183258e-02 -1.558063623782240861e-03 -2.234812410736218211e-02 4.598696813565270958e+01
9.999762943340110288e-01 4.550512898591324573e-02 -2.675469829150350139e-03 -2.228814906689725872e-02 4.698697045685459273e+01
9.995760760027567748e-01 4.558256293726530017e-02 -3.789877282495213075e-03 -2.220332072065987067e-02 4.798697296516004940e+01
9.980653195718274251e-01 4.560884019919359683e-02 -4.900043318528206175e-03 -2.209374031864857341e-02 4.898697442117904188e+01
9.954457104947865842e-01 4.558392767053422862e-02 -6.004730334460635192e-03 -2.195953793230557421e-02 4.998697359021071662e+01
9.917201715388755945e-01 4.550785579760107530e-02 -7.102707231075914250e-03 -2.180087194526483807e-02 5.098696924774910855e+01
9.868928594228458806e-01 4.538071837694088867e-02 -8.192750828339156327e-03 -2.161792859301139499e-02 5.198696018494308646e+01
9.809691600144686552e-01 4.520267206556114609e-02 -9.273647257989724516e-03 -2.141092155786688059e-02 5.298694521398567758e+01
9.739556820966359663e-01 4.497393571837079995e-02 -1.034419333588306941e-02 -2.118009160475836997e-02 5.398692317340849200e+01
9.658602497143277121e-01 4.469478963692528894e-02 -1.140319791612098670e-02 -2.092570623500714447e-02 5.498689293325714544e+01
9.566918931170264040e-01 4.436557477916978215e-02 -1.244948322787134409e-02 -2.064805933202446334e-02 5.598685340012463740e+01
9.464608383128769731e-01 4.398669194221087320e-02 -1.348188619447256674e-02 -2.034747078235512111e-02 5.698680352201980526e+01
9.351784952520152405e-01 4.355860091602188622e-02 -1.449925973359032262e-02 -2.002428605723319266e-02 5.798674229304916850e+01
9.228574446577276769e-01 4.308181959125110400e-02 -1.550047403645198225e-02 -1.967887574815688212e-02 5.898666875789123054e+01
9.095114235253349833e-01 4.255692299815389684e-02 -1.648441782385982532e-02 -1.931163505915215947e-02 5.998658201604310136e+01
8.951553093099311464e-01 4.198454226359640135e-02 -1.744999957681743485e-02 -1.892298325755310817e-02 6.098648122582070386e+01
8.798051028256902439e-01 4.136536347530992558e-02 -1.839614873969509096e-02 -1.851336308928166335e-02 6.198636560809465834e+01
8.634779098810473341e-01 4.070012644831226545e-02 -1.932181689415917586e-02 -1.808324016690334574e-02 6.298623444974528951e+01
8.461919216756201845e-01 3.998962339974661273e-02 -2.022597890250434419e-02 -1.763310233435025007e-02 6.398608710682157152e+01
8.279663939864416733e-01 3.923469753887132844e-02 -2.110763401922185686e-02 -1.716345901349815642e-02 6.498592300738995675e+01
8.088216251725842687e-01 3.843624158186317863e-02 -2.196580696989676798e-02 -1.667484053701809646e-02 6.598574165406084546e+01
7.887789330286461009e-01 3.759519620578023746e-02 -2.279954899674767332e-02 -1.616779746766290951e-02 6.698554262618142729e+01
7.678606305189491499e-01 3.671254845082470852e-02 -2.360793887013082001e-02 -1.564289990670860581e-02 6.798532558168581375e+01
7.460900004254011897e-01 3.578933008177406783e-02 -2.439008386546624718e-02 -1.510073679234572031e-02 6.898509025859401333e+01
7.234912689430060828e-01 3.482661591861188621e-02 -2.514512070508353320e-02 -1.454191518789298490e-02 6.998483647615411485e+01
7.000895782579475979e-01 3.382552214394884960e-02 -2.587221646447818504e-02 -1.396705956020650313e-02 7.098456413562244904e+01
6.759109581439787240e-01 3.278720459169107149e-02 -2.657056944248850985e-02 -1.337681105102586296e-02 7.198427322067881562e+01
6.509822966134711786e-01 3.171285702703433712e-02 -2.723940999503980318e-02 -1.277182673894819778e-02 7.298396379747559592e+01
6.253313096602313159e-01 3.060370941945641382e-02 -2.787800133198721497e-02 -1.215277889529900977e-02 7.398363601432048142e+01
5.989865101316288465e-01 2.946102621463939086e-02 -2.848564027675216243e-02 -1.152035423476879469e-02 7.498329010099516267e+01
5.719771757680555124e-01 2.828610461241327576e-02 -2.906165798849060303e-02 -1.087525315968588570e-02 7.598292636771290631e+01
5.443333164482222486e-01 2.708027285123824207e-02 -2.960542064647489827e-02 -1.021818900177018895e-02 7.698254520372050536e+01
5.160856406789996464e-01 2.584488850717898967e-02 -3.011633009656340676e-02 -9.549887259646949733e-03 7.798214707555078462e+01
4.872655213688887321e-01 2.458133680882620964e-02 -3.059382445954575772e-02 -8.871084834378289985e-03 7.898173252493397456e+01
4.579049609243419083e-01 2.329102897308576656e-02 -3.103737870126467221e-02 -8.182529262617487670e-03 7.998130216637756007e+01
4.280365557083468109e-01 2.197540056428408037e-02 -3.144650516439555232e-02 -7.484977948048101258e-03 8.098085668442544716e+01
3.976934599007718729e-01 2.063590987895061110e-02 -3.182075406179795535e-02 -6.779197391526828147e-03 8.198039683060886773e+01
3.669093488000240155e-01 1.927403635872566162e-02 -3.215971393137429662e-02 -6.065962419655655975e-03 8.297992342010294919e+01
3.357183816056033554e-01 1.789127903224626767e-02 -3.246301205235707643e-02 -5.346055412124010864e-03 8.397943732810357176e+01
3.041551637211108994e-01 1.648915498669612303e-02 -3.273031482296328426e-02 -4.620265527983608358e-03 8.497893948594088442e+01
2.722547086172202868e-01 1.506919787014496422e-02 -3.296132809936246078e-02 -3.889387929979482104e-03 8.597843087694670317e+01
2.400523992940930551e-01 1.363295642271937155e-02 -3.315579749586143599e-02 -3.154223008090323386e-03 8.697791253209405227e+01
2.075839493825882009e-01 1.218199303784768366e-02 -3.331350864626594910e-02 -2.415575600596182697e-03 8.797738552542807611e+01
1.748853639235953272e-01 1.071788235027780131e-02 -3.343428742629575567e-02 -1.674254213921323167e-03 8.897685096930864290e+01
1.419928998646687035e-01 9.242209850809831803e-03 -3.351800013699181985e-02 -9.310702399581080591e-04 8.997631000948520352e+01
1.089430263130959919e-01 7.756570524720983635e-03 -3.356455364898972699e-02 -1.868371712467310698e-04 9.097576382002590378e+01
7.577238458442192570e-02 6.262567511968973426e-03 -3.357389550755206925e-02 5.576301865434130263e-04 9.197521359812296282e+01
4.251774808538224398e-02 4.761810786197972177e-03 -3.354601399822489810e-02 1.301516504890853259e-03 9.297466055879705493e+01
9.215982070126698886e-03 3.255915849748788546e-03 -3.348093817298035402e-02 2.044006725799085451e-03 9.397410592952392960e+01
-2.409599669144077763e-02 1.746502441378156717e-03 -3.337873783669039612e-02 2.784286858415171810e-03 9.497355094480663240e+01
-5.738126029442074116e-02 2.351932533747564205e-04 -3.323952349376963628e-02 3.521544779108451949e-03 9.597299684071724357e+01
-9.060291009001442131e-02 -1.276387345506159844e-03 -3.306344625481421468e-02 4.254971035088120530e-03 9.697244484943163911e+01
-1.237241170482064750e-01 -2.786614584838622167e-03 -3.285069770305980991e-02 4.983759651663041169e-03 9.797189619378140435e+01
-1.567081620532731479e-01 -4.293864568640110360e-03 -3.260150972047665824e-02 5.707108943222100050e-03 9.897135208184657529e+01
-1.895184760933263102e-01 -5.796515556673988503e-03 -3.231615427331555046e-02 6.424222327673056489e-03 9.997081370161282621e+01
-2.221186803050709258e-01 -7.292949254159067883e-03 -3.199494315693190288e-02 7.134309144460096799e-03 1.009702822157163666e+02
-2.544726258348870007e-01 -8.781552113696234479e-03 -3.163822769970889293e-02 7.836585475693928771e-03 1.019697587562997114e+02
-2.865444334772891954e-01 -1.026071665248087968e-02 -3.124639842592419683e-02 8.530274970231913056e-03 1.029692444200006349e+02
-3.182985330517357769e-01 -1.172884278799869728e-02 -3.081988467741260049e-02 9.214609670263659152e-03 1.039687402630965352e+02
-3.496997024786734354e-01 -1.318433919535171549e-02 -3.035915419389942013e-02 9.888830839592405511e-03 1.049682472968251687e+02
-3.807131065156341698e-01 -1.462562468805977955e-02 -2.986471265191980098e-02 1.055218979357132152e-02 1.059677664829026611e+02
-4.113043351140902582e-01 -1.605112962562432397e-02 -2.933710316224123413e-02 1.120394872917575453e-02 1.069672987292584736e+02
-4.414394413577299447e-01 -1.745929734870562550e-02 -2.877690572578244649e-02 1.184338155507927252e-02 1.079668448860059158e+02
-4.710849789427182799e-01 -1.884858564437343412e-02 -2.818473664802848347e-02 1.246977472003711097e-02 1.089664057416665202e+02
-5.002080391604906140e-01 -2.021746824153513103e-02 -2.756124791202662488e-02 1.308242803915299519e-02 1.099659820196645938e+02
-5.287762873435692956e-01 -2.156443633788679079e-02 -2.690712651006897660e-02 1.368065551632045504e-02 1.109655743751079626e+02
-5.567579987349167148e-01 -2.288800015812357883e-02 -2.622309373425295645e-02 1.426378616171045111e-02 1.119651833918689618e+02
-5.841220937413656999e-01 -2.418669054315251629e-02 -2.550990442616743459e-02 1.483116480273481870e-02 1.129648095799792173e+02
-6.108381725317447719e-01 -2.545906056874965018e-02 -2.476834618603069096e-02 1.538215288755020657e-02 1.139644533733496701e+02
-6.368765489404140112e-01 -2.670368719374284841e-02 -2.399923854165317977e-02 1.591612927819760145e-02 1.149641151278263749e+02
-6.622082836371505632e-01 -2.791917293359703900e-02 -2.320343207774330091e-02 1.643249103317372464e-02 1.159637951195909977e+02
-6.868052165244883378e-01 -2.910414755835371778e-02 -2.238180752608461346e-02 1.693065417673647946e-02 1.169634935439135859e+02
-7.106399983239454210e-01 -3.025726981143796526e-02 -2.153527481724779036e-02 1.741005445321654188e-02 1.179632105142632383e+02
-7.336861213129275416e-01 -3.137722914539717300e-02 -2.066477209458696465e-02 1.787014806465843375e-02 1.189629460617812384e+02
-7.559179491745180446e-01 -3.246274747080727524e-02 -1.977126469135404019e-02 1.831041238952966707e-02 1.199627001351193911e+02
-7.773107459228878469e-01 -3.351258091266938466e-02 -1.885574407187755666e-02 1.873034668146770707e-02 1.209624726006445314e+02
-7.978407038676141871e-01 -3.452552157167289998e-02 -1.791922673780417183e-02 1.912947274396835720e-02 1.219622632430089766e+02
-8.174849705809605904e-01 -3.550039928042669074e-02 -1.696275310060575345e-02 1.950733558244425320e-02 1.229620717660844633e+02
-8.362216748327955251e-01 -3.643608335435088996e-02 -1.598738632148354044e-02 1.986350402743860405e-02 1.239618977942561884e+02
-8.540299514588670649e-01 -3.733148432460778321e-02 -1.499421112011161024e-02 2.019757133167986510e-02 1.249617408740712392e+02
-8.708899651289039312e-01 -3.818555565279571629e-02 -1.398433255352761820e-02 2.050915573448026941e-02 1.259616004762346364e+02
-8.867829329822614071e-01 -3.899729541431101038e-02 -1.295887476680360369e-02 2.079790099612477752e-02 1.269614759979444472e+02
-9.016911460997812933e-01 -3.976574794878515173e-02 -1.191897971699736394e-02 2.106347689669715167e-02 1.279613667655557236e+02
-9.155979897819385149e-01 -4.049000546626015107e-02 -1.086580587216250636e-02 2.130557970041821805e-02 1.289612720375617982e+02
-9.284879626045633438e-01 -4.116920960443297417e-02 -9.800526887141594937e-03 2.152393258217763158e-02 1.299611910078799042e+02
-9.403466942249341098e-01 -4.180255292735262501e-02 -8.724330258032713878e-03 2.171828601659797978e-02 1.309611228094263424e+02
-9.511609619124805626e-01 -4.238928036126535237e-02 -7.638415957202814369e-03 2.188841812604894882e-02 1.319610665179659748e+02
-9.609187057800409049e-01 -4.292869055672732942e-02 -6.543995050900365887e-03 2.203413498926737671e-02 1.329610211562182656e+02
-9.696090426931901485e-01 -4.342013717414808932e-02 -5.442288301436996878e-03 2.215527090656389808e-02 1.339609856982023928e+02
-9.772222788370638069e-01 -4.386303008167974360e-02 -4.334524756108801627e-03 2.225168862403829884e-02 1.349609590738010638e+02
-9.837499209218036889e-01 -4.425683646363842705e-02 -3.221940324906886945e-03 2.232327951284429970e-02 1.359609401735236247e+02
-9.891846860098213456e-01 -4.460108182933456705e-02 -2.105776349264672047e-03 2.236996370589159136e-02 1.369609278534464067e+02
-9.935205099499252457e-01 -4.489535091967105512e-02 -9.872781639700923487e-04 2.239169018984756704e-02 1.379609209403085117e+02
-9.967525544054847142e-01 -4.513928850549455557e-02 1.323063455222860520e-04 2.238843685271079548e-02 1.389609182367398716e+02
-9.988772124658691354e-01 -4.533260007189143098e-02 1.251728188157825820e-03 2.236021048841075470e-02 1.399609185265981068e+02
-9.998921128324744778e-01 -4.547505238887398354e-02 2.369738712578363642e-03 2.230704675502485565e-02 1.409609205803903933e+02
-9.997961225729713464e-01 -4.556647395802651546e-02 3.485091050329606425e-03 2.222901009263191993e-02 1.419609231607554705e+02
-9.985893484393573161e-01 -4.560675534114529139e-02 4.596541554961201988e-03 2.212619359519159973e-02 1.429609250279812898e+02
-9.962731367478727673e-01 -4.559584936182668746e-02 5.702851234720781974e-03 2.199871884198693547e-02 1.439609249455331508e+02
-9.928500718208458364e-01 -4.553377118282590091e-02 6.802787176820129095e-03 2.184673568726614584e-02 1.449609216855679108e+02
-9.883239729928501305e-01 -4.542059825835034065e-02 7.895123961183437081e-03 2.167042200906224916e-02 1.459609140344087450e+02
-9.826998901857663116e-01 -4.525647016052707083e-02 8.978645061636550406e-03 2.146998341918990999e-02 1.469609007979558726e+02
-9.759840980594921556e-01 -4.504158828157384803e-02 1.005214423259604556e-02 2.124565293571798255e-02 1.479608808070092039e+02
-9.681840887472126234e-01 -4.477621541514185954e-02 1.111442687938194590e-02 2.099769061781875737e-02 1.489608529224786366e+02
-9.593085631863315088e-01 -4.446067521612728779e-02 1.216431141027288394e-02 2.072638316700183697e-02 1.499608160404583543e+02
-9.493674210581463102e-01 -4.409535154569851900e-02 1.320063056862297475e-02 2.043204349388230701e-02 1.509607690971426734e+02
-9.383717493514920349e-01 -4.368068770313957710e-02 1.422223274331708975e-02 2.011501025349351698e-02 1.519607110735612139e+02
-9.263338095674923389e-01 -4.321718554960083530e-02 1.522798325599176647e-02 1.977564735058799303e-02 1.529606410001120196e+02
-9.132670235844907447e-01 -4.270540452869953790e-02 1.621676562352116630e-02 1.941434341683015430e-02 1.539605579608727339e+02
-8.991859582040689913e-01 -4.214596059028003633e-02 1.718748279436267332e-02 1.903151126095668083e-02 1.549604610976698496e+02
-8.841063084008553563e-01 -4.153952502216216869e-02 1.813905835741050701e-02 1.862758729445606817e-02 1.559603496138889227e+02
-8.680448793004842400e-01 -4.088682319658107356e-02 1.907043772213331406e-02 1.820303093451170265e-02 1.569602227780080455e+02
-8.510195669116679129e-01 -4.018863323853114761e-02 1.998058926885889694e-02 1.775832398557667877e-02 1.579600799268392279e+02
-8.330493376398758754e-01 -3.944578462284850651e-02 2.086850546813773244e-02 1.729397000118807967e-02 1.589599204684635083e+02
-8.141542066115382559e-01 -3.865915670598946141e-02 2.173320396819713313e-02 1.681049362873575370e-02 1.599597438848467448e+02
-7.943552148389773082e-01 -3.782967720120433697e-02 2.257372864963392428e-02 1.630843993792148103e-02 1.609595497341248631e+02
-7.736744052575416086e-01 -3.695832060418281079e-02 2.338915064652999712e-02 1.578837373437882996e-02 1.619593376525486690e+02
-7.521347976675546443e-01 -3.604610657518585864e-02 2.417856933324893931e-02 1.525087886102326380e-02 1.629591073560797270e+02
-7.297603626146859090e-01 -3.509409828635397938e-02 2.494111327630010172e-02 1.469655748759640147e-02 1.639588586416305702e+02
-7.065759942433388341e-01 -3.410340074066496585e-02 2.567594115067992067e-02 1.412602938997492910e-02 1.649585913879445798e+02
-6.826074821584885433e-01 -3.307515906859627430e-02 2.638224262017866903e-02 1.353993122128850646e-02 1.659583055561112985e+02
-6.578814823321260663e-01 -3.201055681089809424e-02 2.705923918124309227e-02 1.293891577459279317e-02 1.669580011897158158e+02
-6.324254870911988347e-01 -3.091081419160488994e-02 2.770618496997273236e-02 1.232365123968441785e-02 1.679576784146217676e+02
-6.062677942244499851e-01 -2.977718638895671122e-02 2.832236753195695178e-02 1.169482045381550241e-02 1.689573374383893452e+02
-5.794374752461137756e-01 -2.861096180819432469e-02 2.890710855464772785e-02 1.105312014831457551e-02 1.699569785493314669e+02
-5.519643428547980069e-01 -2.741346036311516354e-02 2.945976456206345420e-02 1.039926019045584425e-02 1.709566021152123483e+02
-5.238789176262949043e-01 -2.618603176874339730e-02 2.997972757158624824e-02 9.733962822873993420e-03 1.719562085815951207e+02
-4.952123939792699714e-01 -2.493005385125162884e-02 3.046642571272994982e-02 9.057961899681676171e-03 1.729557984698456323e+02
-4.659966054530623736e-01 -2.364693087722880352e-02 3.091932380771402963e-02 8.372002120737286404e-03 1.739553723748020104e+02
-4.362639893369451571e-01 -2.233809190659522687e-02 3.133792391375089109e-02 7.676838263448433272e-03 1.749549309621205566e+02
-4.060475506903480358e-01 -2.100498916989838871e-02 3.172176582692331354e-02 6.973234413774636112e-03 1.759544749653097142e+02
-3.753808257935511983e-01 -1.964909647430976986e-02 3.207042754761204456e-02 6.261963194822332476e-03 1.769540051824657780e+02
-3.442978450684624492e-01 -1.827190763723754441e-02 3.238352570735315850e-02 5.543804994892939132e-03 1.779535224727247851e+02
-3.128330955090060650e-01 -1.687493495045562855e-02 3.266071595709780367e-02 4.819547193632294640e-03 1.789530277524465589e+02
-2.810214826606781124e-01 -1.545970767366446064e-02 3.290169331677941789e-02 4.089983387205416328e-03 1.799525219911475915e+02
-2.488982921887253064e-01 -1.402777055841012907e-02 3.310619248613969057e-02 3.355912611618120690e-03 1.809520062072012081e+02
-2.164991510743659586e-01 -1.258068240069476137e-02 3.327398811672059586e-02 2.618138564773890304e-03 1.819514814633236028e+02
-1.838599884783574667e-01 -1.112001462206504282e-02 3.340489504495929018e-02 1.877468826468548955e-03 1.829509488618659248e+02
-1.510169963111518132e-01 -9.647349877052475292e-03 3.349876848628272064e-02 1.134714076477192409e-03 1.839504095399330197e+02
-1.180065895487747707e-01 -8.164280685309121405e-03 3.355550419010658314e-02 3.906873103249926672e-04 1.849498646643502298e+02
-8.486536633348348846e-02 -6.672408086050476972e-03 3.357503855562283396e-02 -3.537969474620306239e-04 1.859493154265003625e+02
-5.163006789817437686e-02 -5.173340312114777829e-03 3.355734870824972349e-02 -1.097923432793759813e-03 1.869487630370535385e+02
-1.833753835343821317e-02 -3.668691480952462284e-03 3.350245253661003619e-02 -1.840876934546429363e-03 1.879482087206127403e+02
1.497531562389327504e-02 -2.160080299233618772e-03 3.341040868988271600e-02 -2.581843090317166838e-03 1.889476537102985958e+02
4.827156516191440788e-02 -6.491287776108146165e-04 3.328131653536686024e-02 -3.320009185437635367e-03 1.899470992422969857e+02
8.151429958576618395e-02 8.625390474962815962e-04 3.311531607609497635e-02 -4.054564955641565965e-03 1.909465465503935206e+02
1.146666667919530175e-01 2.373298388858538499e-03 3.291258782831289753e-02 -4.784703393412659614e-03 1.919459968605183349e+02
1.476919135660970661e-01 3.881524984007349039e-03 3.267335265864226845e-02 -5.509621557814878626e-03 1.929454513853251854e+02
1.805534258053591024e-01 5.385596374624628500e-03 3.239787158075152496e-02 -6.228521388066443447e-03 1.939449113188287299e+02
2.132147686067055736e-01 6.883893193582511436e-03 3.208644551134820500e-02 -6.940610520628854099e-03 1.949443778311231767e+02
2.456397261821537392e-01 8.374800463285847138e-03 3.173941498531675925e-02 -7.645103109440890693e-03 1.959438520632052985e+02
2.777923415620706660e-01 9.856708908258576471e-03 3.135715982984471628e-02 -8.341220649325863795e-03 1.969433351219248891e+02
3.096369560475112914e-01 1.132801628573068022e-02 3.094009879737842292e-02 -9.028192801719795574e-03 1.979428280750841509e+02
3.411382483725214909e-01 1.278712873623055746e-02 3.048868915729243192e-02 -9.705258222997196690e-03 1.989423319467083502e+02
3.722612735372119452e-01 1.423246215852678499e-02 3.000342624614256784e-02 -1.037166539342009031e-02 1.999418477125076095e+02
4.029715012723842915e-01 1.566244360885886422e-02 2.948484297647156402e-02 -1.102667344780733534e-02 2.009413762955505831e+02
4.332348540963313899e-01 1.707551272896409150e-02 2.893350930408119734e-02 -1.166955300532435992e-02 2.019409185621687755e+02
4.630177449244454735e-01 1.847012320257889265e-02 2.835003165381497908e-02 -1.229958699871200843e-02 2.029404753181094918e+02
4.922871141921520977e-01 1.984474424296539530e-02 2.773505230387937961e-02 -1.291607150089555192e-02 2.039400473049549873e+02
5.210104664517033468e-01 2.119786211054912328e-02 2.708924872883460011e-02 -1.351831654910611025e-02 2.049396351968232750e+02
5.491559064032963677e-01 2.252798166332222948e-02 2.641333290137929876e-02 -1.410564696334752795e-02 2.059392395973654857e+02
5.766921743210907669e-01 2.383362793714957281e-02 2.570805055321192037e-02 -1.467740315958081763e-02 2.069388610370735648e+02
6.035886808346817567e-01 2.511334775651568110e-02 2.497418039523287628e-02 -1.523294195548122003e-02 2.079384999709101294e+02
6.298155410267258780e-01 2.636571137517338195e-02 2.421253329745881588e-02 -1.577163736626921095e-02 2.089381567762713701e+02
6.553436078076039228e-01 2.758931414251019482e-02 2.342395142914535655e-02 -1.629288139069184210e-02 2.099378317512924070e+02
6.801445045281490076e-01 2.878277819532899448e-02 2.260930735961076687e-02 -1.679608478405993435e-02 2.109375251135027725e+02
7.041906567917932680e-01 2.994475417158102420e-02 2.176950312040777311e-02 -1.728067781655414498e-02 2.119372369988388130e+02
7.274553234278275937e-01 3.107392294117384754e-02 2.090546922958006620e-02 -1.774611101614850805e-02 2.129369674610170478e+02
7.499126265878244268e-01 3.216899735248937575e-02 2.001816367877263733e-02 -1.819185589214250207e-02 2.139367164712723479e+02
7.715375809278556263e-01 3.322872398650952158e-02 1.910857088416551344e-02 -1.861740564007633922e-02 2.149364839184623293e+02
7.923061218395848204e-01 3.425188491795270324e-02 1.817770060216169700e-02 -1.902227582271376338e-02 2.159362696095375043e+02
8.121951326941138083e-01 3.523729947275978935e-02 1.722658681102600883e-02 -1.940600502901227917e-02 2.169360732703761130e+02
8.311824710630362212e-01 3.618382598166086650e-02 1.625628655957539470e-02 -1.976815550505144070e-02 2.179358945469800233e+02
8.492469938821601838e-01 3.709036351865647313e-02 1.526787878432282405e-02 -2.010831375830985160e-02 2.189357330070266698e+02
8.663685815241434218e-01 3.795585362058403328e-02 1.426246309640733130e-02 -2.042609113186822506e-02 2.199355881417708645e+02
8.825281607473748346e-01 3.877928198095755702e-02 1.324115853981392039e-02 -2.072112434631842581e-02 2.209354593682877521e+02
8.977077264895680919e-01 3.955968010891178915e-02 1.220510232249799945e-02 -2.099307600939690280e-02 2.219353460320480451e+02
9.118903624756687920e-01 4.029612694969712111e-02 1.115544852202815344e-02 -2.124163508876636061e-02 2.229352474098134564e+02
9.250602606111106851e-01 4.098775045415477963e-02 1.009336676758983489e-02 -2.146651735046082102e-02 2.239351627128405369e+02
9.372027391326843704e-01 4.163372909600621813e-02 9.020040900066793668e-03 -2.166746575709008887e-02 2.249350910903779379e+02
9.483042594909687484e-01 4.223329332430605237e-02 7.936667612212289225e-03 -2.184425082810292906e-02 2.259350316334425202e+02
9.583524419396992622e-01 4.278572694748073585e-02 6.844455070807143292e-03 -2.199667095854180091e-02 2.269349833788568276e+02
9.673360798092240920e-01 4.329036843948057267e-02 5.744621522880053593e-03 -2.212455269697565299e-02 2.279349453135307044e+02
9.752451524428764618e-01 4.374661216321351631e-02 4.638393888031270250e-03 -2.222775098041140582e-02 2.289349163789671593e+02
9.820708367769761526e-01 4.415390950346760601e-02 3.527006339010700219e-03 -2.230614932633434230e-02 2.299348954759729793e+02
9.878055175470360494e-01 4.451176990419286605e-02 2.411698872693982497e-03 -2.235965998060290491e-02 2.309348814695527778e+02
9.924427961047505020e-01 4.481976180261436349e-02 1.293715873663837425e-03 -2.238822402250737267e-02 2.319348731939644210e+02
9.959774978322915029e-01 4.507751345881698402e-02 1.743046725384688616e-04 -2.239181142375570172e-02 2.329348694579130949e+02
9.984056781426494664e-01 4.528471367124072000e-02 -9.452858986493162296e-04 -2.237042106497137348e-02 2.339348690498609926e+02
9.997246270567199389e-01 4.544111237811951365e-02 -2.063806951897884795e-03 -2.232408070726764338e-02 2.349348707434280357e+02
9.999328723501089700e-01 4.554652114005903335e-02 -3.180010987261267137e-03 -2.225284691976847987e-02 2.359348733028600691e+02
9.990301812647897073e-01 4.560081349915091203e-02 -4.292653333249691304e-03 -2.215680496547205169e-02 2.369348754885390917e+02
9.970175607828707376e-01 4.560392521701237684e-02 -5.400493581523294062e-03 -2.203606864274037722e-02 2.379348760625110515e+02
9.938972564620984773e-01 4.555585438567394396e-02 -6.502297013660313096e-03 -2.189078008657189753e-02 2.389348737940064495e+02
9.896727498347835938e-01 4.545666141422677331e-02 -7.596836017988908146e-03 -2.172110952837989772e-02 2.399348674649281463e+02
9.843487543741621382e-01 4.530646888936413347e-02 -8.682891494407903379e-03 -2.152725501674847969e-02 2.409348558752822385e+02
9.779312100343312553e-01 4.510546131166860012e-02 -9.759254245245327711e-03 -2.130944209995803973e-02 2.419348378485272235e+02
9.704272763720948047e-01 4.485388471010798295e-02 -1.082472635024322831e-02 -2.106792347070155988e-02 2.429348122368173222e+02
9.618453242612334808e-01 4.455204613426258509e-02 -1.187812252377830682e-02 -2.080297857676799422e-02 2.439347779261163964e+02
9.521949262117141988e-01 4.420031303087272601e-02 -1.291827145261670480e-02 -2.051491319678343250e-02 2.449347338411594421e+02
9.414868453085123434e-01 4.379911250594527294e-02 -1.394401711245587747e-02 -2.020405898417619583e-02 2.459346789502392028e+02
9.297330227866476005e-01 4.334893047772379882e-02 -1.495422006166468795e-02 -1.987077298050787463e-02 2.469346122697969292e+02
9.169465642609911926e-01 4.285031072515293332e-02 -1.594775871069007908e-02 -1.951543710007161078e-02 2.479345328687960546e+02
9.031417246312599678e-01 4.230385383762214069e-02 -1.692353056569365771e-02 -1.913845758715503054e-02 2.489344398728597412e+02
8.883338916844190081e-01 4.171021607078766180e-02 -1.788045344505140993e-02 -1.874026444865035598e-02 2.499343324681536558e+02
8.725395684183833156e-01 4.107010811606903039e-02 -1.881746666748392721e-02 -1.832131086291986094e-02 2.509342099049967203e+02
8.557763541125757989e-01 4.038429379025868654e-02 -1.973353221062992130e-02 -1.788207256647852614e-02 2.519340715011842065e+02
8.380629241724413259e-01 3.965358865009190742e-02 -2.062763583895384570e-02 -1.742304722205855957e-02 2.529339166450078551e+02
8.194190087763877361e-01 3.887885854262044388e-02 -2.149878820005677454e-02 -1.694475376687338067e-02 2.539337447979603724e+02
7.998653703551009686e-01 3.806101809399176084e-02 -2.234602588840044202e-02 -1.644773174618711920e-02 2.549335554971122804e+02
7.794237799342932371e-01 3.720102914885917850e-02 -2.316841247570979728e-02 -1.593254063019022837e-02 2.559333483571506918e+02
7.581169923732558047e-01 3.629989916287945650e-02 -2.396503950721930870e-02 -1.539975911916461639e-02 2.569331230720716803e+02
7.359687205325077253e-01 3.535867955968207549e-02 -2.473502746317753770e-02 -1.484998443551153492e-02 2.579328794165182330e+02
7.130036084049269363e-01 3.437846405600111788e-02 -2.547752668495311540e-02 -1.428383160640989483e-02 2.589326172467594915e+02
6.892472032455193576e-01 3.336038696484922711e-02 -2.619171826527360789e-02 -1.370193273624189904e-02 2.599323365013059401e+02
6.647259267358598400e-01 3.230562148028650465e-02 -2.687681490208570362e-02 -1.310493627230470762e-02 2.609320372011590621e+02
6.394670452198287780e-01 3.121537795339496615e-02 -2.753206171570093952e-02 -1.249350626256824637e-02 2.619317194496948105e+02
6.134986390479783003e-01 3.009090216295381287e-02 -2.815673702882935323e-02 -1.186832160804248901e-02 2.629313834321811783e+02
5.868495710683112598e-01 2.893347358682781673e-02 -2.875015310923147854e-02 -1.123007531077998070e-02 2.639310294149329934e+02
5.595494543016994449e-01 2.774440368133388943e-02 -2.931165687477047671e-02 -1.057947371646573639e-02 2.649306577441079753e+02
5.316286188406124102e-01 2.652503416984186568e-02 -2.984063056059376579e-02 -9.917235754825618615e-03 2.659302688441499072e+02
5.031180780100182881e-01 2.527673534770543198e-02 -3.033649234833504446e-02 -9.244092176626753782e-03 2.669298632158852911e+02
4.740494938296337946e-01 2.400090440645511261e-02 -3.079869695716638128e-02 -8.560784787927152445e-03 2.679294414342840014e+02
4.444551418168664614e-01 2.269896377909606799e-02 -3.122673619656273977e-02 -7.868065683146376749e-03 2.689290041458921223e+02
4.143678751698667284e-01 2.137235951111552540e-02 -3.162013948072005254e-02 -7.166696475916418431e-03 2.699285520659505551e+02
3.838210883702450893e-01 2.002255965842069177e-02 -3.197847430451587758e-02 -6.457447528268065416e-03 2.709280859752105357e+02
3.528486802450261361e-01 1.865105271296446654e-02 -3.230134668092927985e-02 -5.741097179061718271e-03 2.719276067164621509e+02
3.214850165273822613e-01 1.725934605864129848e-02 -3.258840153988237093e-02 -5.018430970597967389e-03 2.729271151907897206e+02
2.897648919557105351e-01 1.584896445711985943e-02 -3.283932308841226722e-02 -4.290240873727586661e-03 2.739266123535719544e+02
2.577234919505494992e-01 1.442144856267060793e-02 -3.305383513209864815e-02 -3.557324512334779365e-03 2.749260992102438763e+02
2.253963539087242840e-01 1.297835346791216711e-02 -3.323170135771538747e-02 -2.820484385139581090e-03 2.759255768118395622e+02
1.928193281541112358e-01 1.152124727664627021e-02 -3.337272557697236464e-02 -2.080527086644325813e-03 2.769250462503353560e+02
1.600285385842378505e-01 1.005170970450596293e-02 -3.347675193130458804e-02 -1.338262525620410480e-03 2.779245086538139731e+02
1.270603430519052779e-01 8.571330704468548001e-03 -3.354366505758560324e-02 -5.945031415786467249e-04 2.789239651814706349e+02
9.395129352090143826e-02 7.081709115449474901e-03 -3.357339021466453771e-02 1.499368812699616643e-04 2.799234170184835193e+02
6.073809603480098684e-02 5.584451331225597122e-03 -3.356589337060104233e-02 8.942424026416985819e-04 2.809228653707705234e+02
2.745757053776545775e-02 4.081169987299264855e-03 -3.352118125046895519e-02 1.637598118029032169e-03 2.819223114596557593e+02
-5.853389413788561216e-03 2.573482661702443039e-03 -3.343930134456750414e-02 2.379189353245450122e-03 2.829217565164682355e+02
-3.915785700986747220e-02 1.063010587719568408e-03 -3.332034187690522536e-02 3.118202862794137390e-03 2.839212017770979628e+02
-7.241891257713234387e-02 -4.486226261200329112e-04 -3.316443173376552173e-02 3.853827631388384058e-03 2.849206484765309142e+02
-1.055996839619457728e-01 -1.959792271382167737e-03 -3.297174035219609806e-02 4.585255679409500768e-03 2.859200978433892146e+02
-1.386633868674653491e-01 -3.468873815019421665e-03 -3.274247756822562527e-02 5.311682871583181358e-03 2.869195510944981038e+02
-1.715733651060320497e-01 -4.974244177035357789e-03 -3.247689342464646356e-02 6.032309729767347702e-03 2.879190094295051949e+02
-2.042931307280290432e-01 -6.474283015399386575e-03 -3.217527793815809500e-02 6.746342248855163697e-03 2.889184740255741985e+02
-2.367864039883788296e-01 -7.967374020619831521e-03 -3.183796082571533487e-02 7.452992716412013344e-03 2.899179460321774968e+02
-2.690171531117488968e-01 -9.451906224313471813e-03 -3.146531118989473463e-02 8.151480535142155426e-03 2.909174265660092260e+02
-3.009496338174931784e-01 -1.092627532459428119e-02 -3.105773716313762686e-02 8.841033047976764800e-03 2.919169167060417749e+02
-3.325484285652675620e-01 -1.238888503091908205e-02 -3.061568551073879166e-02 9.520886365677898658e-03 2.929164174887474701e+02
-3.637784854821605740e-01 -1.383814843166365077e-02 -3.013964119245489404e-02 1.019028619609282406e-02 2.939159299035058552e+02
-3.946051569321056829e-01 -1.527248938724695519e-02 -2.963012688265025119e-02 1.084848867388702592e-02 2.949154548882176528e+02
-4.249942376882829831e-01 -1.669034394956470796e-02 -2.908770244895590371e-02 1.149476119097270904e-02 2.959149933251439961e+02
-4.549120026690982033e-01 -1.809016181067341772e-02 -2.851296438940726860e-02 1.212838322594754839e-02 2.969145460369893499e+02
-4.843252441983079692e-01 -1.947040778163070321e-02 -2.790654522810988997e-02 1.274864717166479013e-02 2.979141137832465347e+02
-5.132013087498061843e-01 -2.082956330241356180e-02 -2.726911286952665367e-02 1.335485915964875099e-02 2.989136972568183523e+02
-5.415081331375826146e-01 -2.216612798228164913e-02 -2.660136991154421482e-02 1.394633988107238376e-02 2.999132970809329208e+02
-5.692142801113359019e-01 -2.347862117314612404e-02 -2.590405291749059424e-02 1.452242540069094597e-02 3.009129138063646565e+02
-5.962889733183712737e-01 -2.476558357116286427e-02 -2.517793164745604773e-02 1.508246796539899383e-02 3.019125479089751707e+02
-6.227021315923729761e-01 -2.602557884994426488e-02 -2.442380824918609708e-02 1.562583680254768514e-02 3.029121997875835746e+02
-6.484244025299240599e-01 -2.725719531955644523e-02 -2.364251640905871282e-02 1.615191890922832579e-02 3.039118697621775596e+02
-6.734271953157188184e-01 -2.845904761235218752e-02 -2.283492046359729757e-02 1.666011982847596593e-02 3.049115580724721326e+02
-6.976827127577704957e-01 -2.962977839032824093e-02 -2.200191447217349910e-02 1.714986441224560995e-02 3.059112648768238500e+02
-7.211639824941623589e-01 -3.076806007207792681e-02 -2.114442125156121982e-02 1.762059756843257705e-02 3.069109902515048702e+02
-7.438448873333227684e-01 -3.187259657491391812e-02 -2.026339137313959080e-02 1.807178499034980609e-02 3.079107341903409747e+02
-7.657001946902567413e-01 -3.294212506830469789e-02 -1.935980212362210101e-02 1.850291386621076214e-02 3.089104966047156609e+02
-7.867055850817297191e-01 -3.397541773233347245e-02 -1.843465643031156134e-02 1.891349356784764735e-02 3.099102773239403632e+02
-8.068376796439846732e-01 -3.497128351832185650e-02 -1.748898175191917689e-02 1.930305631472941860e-02 3.109100760959894956e+02
-8.260740666373723728e-01 -3.592856990256745875e-02 -1.652382893618270857e-02 1.967115781378146744e-02 3.119098925885980975e+02
-8.443933269029738620e-01 -3.684616463040145395e-02 -1.554027104549363276e-02 2.001737787072108837e-02 3.129097263907165711e+02
-8.617750582373039370e-01 -3.772299744175614672e-02 -1.453940215195758008e-02 2.034132097243857365e-02 3.139095770143176196e+02
-8.781998986521061257e-01 -3.855804177175808922e-02 -1.352233610333565018e-02 2.064261683876789447e-02 3.149094438965468044e+02
-8.936495484873429040e-01 -3.935031642175609162e-02 -1.249020526139725529e-02 2.092092093966984104e-02 3.159093264022075118e+02
-9.081067913467608665e-01 -4.009888718867472140e-02 -1.144415921441376341e-02 2.117591498001905950e-02 3.169092238265703259e+02
-9.215555138265233426e-01 -4.080286845120013883e-02 -1.038536346541281061e-02 2.140730734631347137e-02 3.179091353984933335e+02
-9.339807240089644802e-01 -4.146142470123187485e-02 -9.314998098097135998e-03 2.161483351647965415e-02 3.189090602838408017e+02
-9.453685686948632982e-01 -4.207377201502543462e-02 -8.234256422273152770e-03 2.179825643045786923e-02 3.199089975891843665e+02
-9.557063493492435891e-01 -4.263917945587825803e-02 -7.144343600750260349e-03 2.195736682118960142e-02 3.209089463657708734e+02
-9.649825367373183749e-01 -4.315697040407098783e-02 -6.046475259690780105e-03 2.209198350242630796e-02 3.219089056137388525e+02
-9.731867842290257142e-01 -4.362652380160528948e-02 -4.941876084569464707e-03 2.220195361688033844e-02 3.229088742865648101e+02
-9.803099397522305747e-01 -4.404727531195825468e-02 -3.831778403725447698e-03 2.228715283913666051e-02 3.239088512957201260e+02
-9.863440563767518210e-01 -4.441871838310153253e-02 -2.717420761768614672e-03 2.234748553645398220e-02 3.249088355155170120e+02
-9.912824015131600497e-01 -4.474040521161567335e-02 -1.600046484945915823e-03 2.238288488465639894e-02 3.259088257881215327e+02
-9.951194647124089743e-01 -4.501194760037153381e-02 -4.809022407130957889e-04 2.239331294033059319e-02 3.269088209287126006e+02
-9.978509640543601344e-01 -4.523301770547920320e-02 6.387634063034340224e-04 2.237876066935981512e-02 3.279088197307617634e+02
-9.994738511153706817e-01 -4.540334867099551919e-02 1.757701439771424973e-03 2.233924792938371193e-02 3.289088209714121831e+02
-9.999863145073663029e-01 -4.552273514199316196e-02 2.874663836240610570e-03 2.227482341104765687e-02 3.299088234169299199e+02
-9.993877819828063114e-01 -4.559103365969706390e-02 3.988405006792993673e-03 2.218556453391170094e-02 3.309088258282056927e+02
-9.976789211023480153e-01 -4.560816293180009612e-02 5.097683233488578720e-03 2.207157730062142206e-02 3.319088269662802304e+02
-9.948616384640991406e-01 -4.557410397864293528e-02 6.201262098519649824e-03 2.193299610883803208e-02 3.329088255978692246e+02
-9.909390774956248205e-01 -4.548890015340222026e-02 7.297911903961552121e-03 2.176998352270750545e-02 3.339088205008626460e+02
-9.859156148120523655e-01 -4.535265703795011288e-02 8.386411080096927220e-03 2.158273000354700780e-02 3.349088104697736981e+02
-9.797968551458796638e-01 -4.516554221238278100e-02 9.465547580274277784e-03 2.137145360306766731e-02 3.359087943211127367e+02
-9.725896248561805013e-01 -4.492778490249720036e-02 1.053412026042766132e-02 2.113639961856702068e-02 3.369087708986619418e+02
-9.643019640271349724e-01 -4.463967550618311991e-02 1.159094024135601080e-02 2.087784021199932255e-02 3.379087390786270362e+02
-9.549431171678982588e-01 -4.430156500001118658e-02 1.263483225195597727e-02 2.059607399606768960e-02 3.389086977746425191e+02
-9.445235225278236779e-01 -4.391386423321898269e-02 1.366463595175936192e-02 2.029142558617845829e-02 3.399086459426088709e+02
-9.330548000431817535e-01 -4.347704311042655673e-02 1.467920723106828397e-02 1.996424512147155009e-02 3.409085825853384222e+02
-9.205497379334020014e-01 -4.299162966627899374e-02 1.567741948714185957e-02 1.961490775869610681e-02 3.419085067569909029e+02
-9.070222779666634594e-01 -4.245820904410892854e-02 1.665816487507666352e-02 1.924381313508952140e-02 3.429084175672771835e+02
-8.924874994167085740e-01 -4.187742237528104677e-02 1.762035553183113890e-02 1.885138480851783829e-02 3.439083141854139285e+02
-8.769616017342055647e-01 -4.124996557228597510e-02 1.856292477225703064e-02 1.843806967229943625e-02 3.449081958438102902e+02
-8.604618859578289092e-01 -4.057658803913939682e-02 1.948482825587199985e-02 1.800433734813039824e-02 3.459080618414711807e+02
-8.430067348917136272e-01 -3.985809130659789118e-02 2.038504512327852028e-02 1.755067955841277741e-02 3.469079115471020032e+02
-8.246155920774291825e-01 -3.909532759807177182e-02 2.126257910119915689e-02 1.707760948081808380e-02 3.479077444019005156e+02
-8.053089395899544201e-01 -3.828919833618766450e-02 2.211645957524005848e-02 1.658566108452937116e-02 3.489075599220247454e+02
-7.851082746885109653e-01 -3.744065259358920345e-02 2.294574262946652912e-02 1.607538845246532858e-02 3.499073577007251856e+02
-7.640360853541869890e-01 -3.655068549846812037e-02 2.374951205208979468e-02 1.554736508889795546e-02 3.509071374101326342e+02
-7.421158247474672898e-01 -3.562033659990537782e-02 2.452688030653469090e-02 1.500218321539419086e-02 3.519068988026941156e+02
-7.193718846197181271e-01 -3.465068820157081453e-02 2.527698946730440321e-02 1.444045305553232940e-02 3.529066417122505754e+02
-6.958295677136191459e-01 -3.364286366986913440e-02 2.599901212008101994e-02 1.386280211023849414e-02 3.539063660547520840e+02
-6.715150591883154441e-01 -3.259802572321330444e-02 2.669215222559294387e-02 1.326987442519016180e-02 3.549060718286079918e+02
-6.464553971057768189e-01 -3.151737471004511376e-02 2.735564594685245196e-02 1.266232985039734797e-02 3.559057591146702180e+02
-6.206784420155169180e-01 -3.040214687969189367e-02 2.798876243937232014e-02 1.204084329452651848e-02 3.569054280758511482e+02
-5.942128456753074106e-01 -2.925361265415798648e-02 2.859080460409864702e-02 1.140610397312563293e-02 3.579050789563773378e+02
-5.670880189460627552e-01 -2.807307490339532724e-02 2.916110980275492953e-02 1.075881465366982509e-02 3.589047120806832254e+02
-5.393340988993694518e-01 -2.686186723204438132e-02 2.969905053543841697e-02 1.009969089584333499e-02 3.599043278519502564e+02
-5.109819151765475631e-01 -2.562135227951754454e-02 3.020403508023058320e-02 9.429460289192892475e-03 3.609039267502979556e+02
-4.820629556383224101e-01 -2.435292003754125842e-02 3.067550809469022505e-02 8.748861688901120315e-03 3.619035093306350745e+02
-4.526093313443668165e-01 -2.305798619032762772e-02 3.111295117913528280e-02 8.058644448600929197e-03 3.629030762201816174e+02
-4.226537409021743352e-01 -2.173799047827507103e-02 3.151588340156532414e-02 7.359567651694020815e-03 3.639026281156718596e+02
-3.922294342247643617e-01 -2.039439508784132715e-02 3.188386178415002908e-02 6.652399341339306459e-03 3.649021657802517211e+02
-3.613701757367713818e-01 -1.902868306962891484e-02 3.221648175121699653e-02 5.937915749086166567e-03 3.659016900400843610e+02
-3.301102070684887035e-01 -1.764235678645499975e-02 3.251337753867130503e-02 5.216900521513633503e-03 3.669012017806786048e+02
-2.984842092774451783e-01 -1.623693639010165626e-02 3.277422256474699092e-02 4.490143946388963983e-03 3.679007019429575394e+02
-2.665272646369846732e-01 -1.481395832900944329e-02 3.299872976206643521e-02 3.758442176809344368e-03 3.689001915190834779e+02
-2.342748180313195261e-01 -1.337497388521799620e-02 3.318665187090689972e-02 3.022596453978006453e-03 3.698996715480592457e+02
-2.017626379964148897e-01 -1.192154773977350916e-02 3.333778169360579469e-02 2.283412328593510329e-03 3.708991431111235784e+02
-1.690267774459719707e-01 -1.045525656652927446e-02 3.345195231003546960e-02 1.541698879553492305e-03 3.718986073269624058e+02
-1.361035341217321226e-01 -8.977687650338801728e-03 3.352903725401314150e-02 7.982679315012671450e-04 3.728980653467560842e+02
-1.030294108071605902e-01 -7.490437530064756808e-03 3.356895065058820848e-02 5.393326919237234553e-05 3.738975183490849190e+02
-6.984107534356025215e-02 -5.995110662059510188e-03 3.357164731404782554e-02 -6.904901503454945015e-04 3.748969675347145767e+02
-3.657532048753406317e-02 -4.493318102271190266e-03 3.353712280653054628e-02 -1.434186988621346083e-03 3.758964141212849768e+02
-3.269023648672135345e-03 -2.986676203886100018e-03 3.346541345709948267e-02 -2.176342319739198606e-03 3.768958593379255717e+02
3.004089345371226127e-02 -1.476805326648763031e-03 3.335659634111252242e-02 -2.916142427344105021e-03 3.778953044198200928e+02
6.331750517603569606e-02 3.467144430261893435e-05 3.321078921974531667e-02 -3.652775605602146588e-03 3.788947506027457734e+02
9.652392233930508214e-02 1.546129575069831851e-03 3.302815043946520646e-02 -4.385432963317247024e-03 3.798941991176088777e+02
1.296233325826531280e-01 3.055944357632089849e-03 3.280887879129934515e-02 -5.113309231947121142e-03 3.808936511850027387e+02
1.625790406427728430e-01 4.562492186842603478e-03 3.255321332970198545e-02 -5.835603577005132880e-03 3.818931080098097368e+02
1.953545085204693721e-01 6.064151842519127644e-03 3.226143315085172603e-02 -6.551520413506778211e-03 3.828925707758726844e+02
2.279133954954728758e-01 7.559305781631244642e-03 3.193385713017639349e-02 -7.260270224168600441e-03 3.838920406407580117e+02
2.602195979506454204e-01 9.046341442268903202e-03 3.157084361896796143e-02 -7.961070381385715322e-03 3.848915187306332655e+02
2.922372889665917906e-01 1.052365256413668841e-02 3.117279009989867497e-02 -8.653145971690520688e-03 3.858910061352826233e+02
3.239309576476481212e-01 1.198964052794945084e-02 3.074013280131415032e-02 -9.335730622628523809e-03 3.868905039032810009e+02
3.552654481401198994e-01 1.344271571658318259e-02 3.027334627018272301e-02 -1.000806733153855946e-02 3.878900130373484672e+02
3.862059983035576183e-01 1.488129890077857266e-02 2.977294290360579451e-02 -1.066940929535947248e-02 3.888895344899056568e+02
4.167182779957818717e-01 1.630382265120951940e-02 2.923947243883782271e-02 -1.131902074097915559e-02 3.898890691588495088e+02
4.467684269322849122e-01 1.770873277916822086e-02 2.867352140178886302e-02 -1.195617775492456916e-02 3.908886178835675196e+02
4.763230920805849866e-01 1.909448980698675094e-02 2.807571251404263404e-02 -1.258016911154832655e-02 3.918881814412096105e+02
5.053494645500564708e-01 2.045957046905861818e-02 2.744670405846521763e-02 -1.319029709874962666e-02 3.928877605432320479e+02
5.338153159377320156e-01 2.180246924472782621e-02 2.678718920352773578e-02 -1.378587833930315122e-02 3.938873558322314921e+02
5.616890340906081081e-01 2.312169992140501382e-02 2.609789528656257865e-02 -1.436624460779125680e-02 3.948869678790804301e+02
5.889396582449670792e-01 2.441579718966338172e-02 2.537958305617301485e-02 -1.493074364002756199e-02 3.958865971803795105e+02
6.155369135033886829e-01 2.568331826724559730e-02 2.463304587417163710e-02 -1.547873993478085693e-02 3.968862441562367849e+02
6.414512446101853227e-01 2.692284455164281956e-02 2.385910887743259226e-02 -1.600961554537811901e-02 3.978859091483843713e+02
6.666538489862163797e-01 2.813298329830115491e-02 2.305862810016368752e-02 -1.652277086008982140e-02 3.988855924186412949e+02
6.911167089842464861e-01 2.931236932296931580e-02 2.223248955715919489e-02 -1.701762536853433649e-02 3.998852941477297804e+02
7.148126233263586427e-01 3.045966672328880714e-02 2.138160828873247876e-02 -1.749361841349879321e-02 4.008850144344505111e+02
7.377152376852460502e-01 3.157357061743715915e-02 2.050692736805753702e-02 -1.795020992523288159e-02 4.018847532952206052e+02
7.597990743717039086e-01 3.265280889460496494e-02 1.960941687179589693e-02 -1.838688113688222853e-02 4.028845106639772098e+02
7.810395610911355924e-01 3.369614397315396498e-02 1.869007281495178169e-02 -1.880313527865363696e-02 4.038842863924476774e+02
8.014130587325141164e-01 3.470237456050855734e-02 1.774991605101909967e-02 -1.919849824931048679e-02 4.048840802507850753e+02
8.208968881539093765e-01 3.567033741023862420e-02 1.678999113855357550e-02 -1.957251926213367590e-02 4.058838919285665270e+02
8.394693559295149932e-01 3.659890906857816290e-02 1.581136517544689049e-02 -1.992477146474382066e-02 4.068837210361509733e+02
8.571097790239233793e-01 3.748700760621182654e-02 1.481512660220970015e-02 -2.025485252920157520e-02 4.078835671063904442e+02
8.737985083604418168e-01 3.833359432610825013e-02 1.380238397574962313e-02 -2.056238521240263614e-02 4.088834295966872219e+02
8.895169512512235421e-01 3.913767544320868180e-02 1.277426471512949080e-02 -2.084701788293978966e-02 4.098833078913882559e+02
9.042475926582381751e-01 3.989830372573905520e-02 1.173191382098250253e-02 -2.110842501506708310e-02 4.108832013045068265e+02
9.179740152552585686e-01 4.061458009403614428e-02 1.067649257022914959e-02 -2.134630764598368854e-02 4.118831090827590060e+02
9.306809182624854460e-01 4.128565516750812292e-02 9.609177187929964989e-03 -2.156039379618919158e-02 4.128830304089023571e+02
9.423541350268158645e-01 4.191073075277044341e-02 8.531157498120505930e-03 -2.175043885155635709e-02 4.138829644053609513e+02
9.529806493222978681e-01 4.248906126695289193e-02 7.443635555542687902e-03 -2.191622590479073290e-02 4.148829101381221562e+02
9.625486103469768073e-01 4.301995508703247706e-02 6.347824260303151604e-03 -2.205756605668315190e-02 4.158828666208866025e+02
9.710473463939772731e-01 4.350277582116531677e-02 5.244945957468993836e-03 -2.217429867380801833e-02 4.168828328194538244e+02
9.784673771765579620e-01 4.393694349173296598e-02 4.136231023778592572e-03 -2.226629160435094137e-02 4.178828076563231662e+02
9.848004247886281703e-01 4.432193562655572378e-02 3.022916443561045590e-03 -2.233344134950382073e-02 4.188827900154903432e+02
9.900394232842404385e-01 4.465728825134709923e-02 1.906244376085854814e-03 -2.237567319012430042e-02 4.198827787474166939e+02
9.941785268615650484e-01 4.494259677635556449e-02 7.874607165796397275e-04 -2.239294126964423357e-02 4.208827726741507718e+02
9.972131166388629175e-01 4.517751677380760916e-02 -3.321863469025719291e-04 -2.238522863218486703e-02 4.218827705945773232e+02
9.991398060121291502e-01 4.536176464083294807e-02 -1.451447778511815367e-03 -2.235254721671921241e-02 4.228827712897711422e+02
9.999564445861954809e-01 4.549511814315891634e-02 -2.569075139347776031e-03 -2.229493780914163989e-02 4.238827735284314713e+02
9.996621206731927112e-01 4.557741683902420682e-02 -3.683822029804858459e-03 -2.221246995168553451e-02 4.248827760723722236e+02
9.982571623545034578e-01 4.560856237823587150e-02 -4.794445527389135445e-03 -2.210524181373361985e-02 4.258827776820431268e+02
9.957431371043741208e-01 4.558851868194455093e-02 -5.899707618075816784e-03 -2.197338002011714128e-02 4.268827771220576892e+02
9.921228499757193120e-01 4.551731199405061740e-02 -6.998376619081672807e-03 -2.181703944514255811e-02 4.278827731667017247e+02
9.874003403504828524e-01 4.539503081876272716e-02 -8.089228591338801233e-03 -2.163640296230781579e-02 4.288827646053985632e+02
9.815808772595132625e-01 4.522182573306500475e-02 -9.171048739454191676e-03 -2.143168115763453493e-02 4.298827502481062197e+02
9.746709532787201091e-01 4.499790908620860536e-02 -1.024263279733591755e-02 -2.120311199732319643e-02 4.308827289306211696e+02
9.666782770108440781e-01 4.472355458029941833e-02 -1.130278839720207616e-02 -2.095096045116658437e-02 4.318826995197664473e+02
9.576117641643075995e-01 4.439909673500865017e-02 -1.235033641976040694e-02 -2.067551806646266560e-02 4.328826609184392282e+02
9.474815272431031943e-01 4.402493022912944837e-02 -1.338411232308353918e-02 -2.037710249505652813e-02 4.338826120704958953e+02
9.362988638639129224e-01 4.360150911893682923e-02 -1.440296744783636784e-02 -2.005605697289881278e-02 4.348825519654525351e+02
9.240762437191055723e-01 4.312934592295598890e-02 -1.540577029648130744e-02 -1.971274976383568731e-02 4.358824796429801722e+02
9.108272942062094479e-01 4.260901057218886845e-02 -1.639140778467309406e-02 -1.934757358097105584e-02 4.368823941971736531e+02
8.965667847462918116e-01 4.204112922718336587e-02 -1.735878646372164547e-02 -1.896094500673781852e-02 4.378822947805765011e+02
8.813106098149330325e-01 4.142638297223622673e-02 -1.830683371405853604e-02 -1.855330393769275346e-02 4.388821806079427006e+02
8.650757707101274230e-01 4.076550641226361904e-02 -1.923449891094317424e-02 -1.812511307811014855e-02 4.398820509597194928e+02
8.478803560815234563e-01 4.005928621277020374e-02 -2.014075456484868201e-02 -1.767685749857351302e-02 4.408819051852354391e+02
8.297435212450269271e-01 3.930855963664985769e-02 -2.102459743977735593e-02 -1.720904425944663058e-02 4.418817427055797111e+02
8.106854663062413868e-01 3.851421314621582270e-02 -2.188504965274968780e-02 -1.672220206576402468e-02 4.428815630161601007e+02
7.907274131163939401e-01 3.767718112372146072e-02 -2.272115975603788973e-02 -1.621688089325516724e-02 4.438813656889282697e+02
7.698915810854659592e-01 3.679844475351434774e-02 -2.353200380070064740e-02 -1.569365147948286257e-02 4.448811503742623472e+02
7.482011618808172004e-01 3.587903105131680370e-02 -2.431668637467479174e-02 -1.515310455489946896e-02 4.458809168024988026e+02
7.256802930455602541e-01 3.492001196307214367e-02 -2.507434160241976337e-02 -1.459584968171638228e-02 4.468806647851069442e+02
7.023540305800003436e-01 3.392250336662821358e-02 -2.580413408650558335e-02 -1.402251360758358795e-02 4.478803942155017808e+02
6.782483205406487636e-01 3.288766372237589969e-02 -2.650525976688476032e-02 -1.343373813393512056e-02 4.488801050694910941e+02
6.533899697227859571e-01 3.181669206857522941e-02 -2.717694667358151739e-02 -1.283017764156391301e-02 4.498797974053578628e+02
6.278066155014964123e-01 3.071082505569179902e-02 -2.781845555565971503e-02 -1.221249661613846293e-02 4.508794713635769540e+02
6.015266949078293957e-01 2.957133283036481042e-02 -2.842908038646663541e-02 -1.158136771813328934e-02 4.518791271661713154e+02
5.745794130071550931e-01 2.839951381109204545e-02 -2.900814877237330169e-02 -1.093747110983537066e-02 4.528787651157097685e+02
5.469947106215351518e-01 2.719668877347675151e-02 -2.955502232786507213e-02 -1.028149579241246191e-02 4.538783855939540786e+02
5.188032313958512720e-01 2.596419513569411461e-02 -3.006909711748569428e-02 -9.614143537833104783e-03 4.548779890601589386e+02
4.900362881513380398e-01 2.470338282261887869e-02 -3.054980429437734873e-02 -8.936135543972047526e-03 4.558775760490323137e+02
4.607258284092391465e-01 2.341561344327867597e-02 -3.099661107157595033e-02 -8.248221163724036090e-03 4.568771471683592154e+02
4.309043989177605560e-01 2.210226455204860468e-02 -3.140902212976215413e-02 -7.551187002572358128e-03 4.578767030962944204e+02
4.006051090001870874e-01 2.076474026003900450e-02 -3.178658147989077420e-02 -6.845863512043497655e-03 4.588762445783279418e+02
3.698615925867704268e-01 1.940448825565974436e-02 -3.212887465549295329e-02 -6.133125220509033464e-03 4.598757724239303570e+02
3.387079689209476774e-01 1.802302132021951775e-02 -3.243553091651839998e-02 -5.413880365243650683e-03 4.608752875028901030e+02
3.071788021526113965e-01 1.662193883526724356e-02 -3.270622493478058529e-02 -4.689046415715146868e-03 4.618747907413621760e+02
2.753090603356060928e-01 1.520294101508161758e-02 -3.294067725556634046e-02 -3.959510254278607137e-03 4.628742831176605819e+02
2.431340746883785264e-01 1.376782641504506466e-02 -3.313865276828026341e-02 -3.226075850836853786e-03 4.638737656578393285e+02
2.106895002710398035e-01 1.231846271635155497e-02 -3.329995656082210265e-02 -2.489407951605954097e-03 4.648732394311188045e+02
1.780112793571809737e-01 1.085672305042576814e-02 -3.342442695840239925e-02 -1.749986798624144496e-03 4.658727055452213790e+02
1.451356085912039184e-01 9.384386216952651794e-03 -3.351192629833361220e-02 -1.008094662839970805e-03 4.668721651416747704e+02
1.120989103883366922e-01 7.903009509872526914e-03 -3.356233103147560765e-02 -2.638577400201290424e-04 4.678716193911222376e+02
7.893780788013861349e-02 6.413796855956728493e-03 -3.357552391847661716e-02 4.826359880876630979e-04 4.688710694886380566e+02
4.568910107631277140e-02 4.917500414541736871e-03 -3.355139211907223057e-02 1.231133564872824221e-03 4.698705166489911562e+02
1.238974002390353518e-02 3.414406715811151710e-03 -3.348983544082859143e-02 1.980940266474423735e-03 4.708699621017338472e+02
-2.092321096658876847e-02 1.904463212900431779e-03 -3.339078842750486942e-02 2.730611269497409174e-03 4.718694070859334033e+02
-5.421262484463761078e-02 3.875912837910444391e-04 -3.325425786402999573e-02 3.477689560802986902e-03 4.728688528443370842e+02
-8.744138518494937173e-02 -1.135798646176932854e-03 -3.308037338598984745e-02 4.218601027889076240e-03 4.738683006167903500e+02
-1.205724843932821921e-01 -2.664128124988840440e-03 -3.286944333459539819e-02 4.948836257922941545e-03 4.748677516328438060e+02
-1.535691438094361205e-01 -4.193921081433022412e-03 -3.262200152169925094e-02 5.663537834704484956e-03 4.758672071036934312e+02
-1.863949440958287129e-01 -5.719222170652971289e-03 -3.233882462996402751e-02 6.358557317755540554e-03 4.768666682138963324e+02
-2.190139439582252934e-01 -7.231436700099502617e-03 -3.202089676407625374e-02 7.031938026601391827e-03 4.778661361136418577e+02
-2.513907554475671158e-01 -8.719900802448192143e-03 -3.166929986274617803e-02 7.685619582265812259e-03 4.788656119126545150e+02
-2.834905382361074810e-01 -1.017345013608174538e-02 -3.128501888363289379e-02 8.326966256629701746e-03 4.798650966769388901e+02
-3.152788775831152357e-01 -1.158310650865900480e-02 -3.086867057080140697e-02 8.969533431655024244e-03 4.808645914294160093e+02
-3.467215254737221475e-01 -1.294572514423241762e-02 -3.042019389921865602e-02 9.632366880506145271e-03 4.818640971549195910e+02
-3.777840146267325006e-01 -1.426804921476924372e-02 -2.993857555519334815e-02 1.033715688905584122e-02 4.828636148089643143e+02
-4.084312007335770822e-01 -1.557015261083289324e-02 -2.942171771074055669e-02 1.110282529528838769e-02 4.838631453282216626e+02
-4.386268445732978694e-01 -1.688681831131508271e-02 -2.886657644597613592e-02 1.193767004044866444e-02 4.848626896389789067e+02
-4.683334013539576790e-01 -1.826515325108194268e-02 -2.826969294395370244e-02 1.283003740801311535e-02 4.858622486584449121e+02
-4.975122218007839159e-01 -1.975687702164724210e-02 -2.762819107355304546e-02 1.373955331514639146e-02 4.868618232832113222e+02
-5.261243650201844479e-01 -2.140444221561398769e-02 -2.694121340779572632e-02 1.459201098826446753e-02 4.878614143601502633e+02
-5.541321531625101882e-01 -2.322158949281734330e-02 -2.621161285838250268e-02 1.528173294623804378e-02 4.888610226380165500e+02
-5.815014453202330680e-01 -2.517108929080248692e-02 -2.544752621107060006e-02 1.568515413889752172e-02 4.898606487030789935e+02
-6.082043720645144980e-01 -2.714497138251806968e-02 -2.466326850412572241e-02 1.568809407148589324e-02 4.908602929086153495e+02
-6.342219760942537921e-01 -2.895484661576658639e-02 -2.387886380055143087e-02 1.522649287984201120e-02 4.918599553148326891e+02
-6.595459002698988993e-01 -3.034112353661414657e-02 -2.311753915655933092e-02 1.433638000872886759e-02 4.928596356611545275e+02
-6.841780312217253801e-01 -3.100929195175349679e-02 -2.240072015612288789e-02 1.320380269880757317e-02 4.938593333952642865e+02
-7.081269536151219013e-01 -3.069859968608774914e-02 -2.174053002118251157e-02 1.219967338965398385e-02 4.948590477810047901e+02
-7.314003383199465524e-01 -2.928286310121729075e-02 -2.113054635169981169e-02 1.187883595821031743e-02 4.958587780974270913e+02
-7.539931285392263982e-01 -2.689358785379834457e-02 -2.053660455378929564e-02 1.291957171644525504e-02 4.968585239198961290e+02
-7.758726854059769806e-01 -2.404501933850213685e-02 -1.989062596796703497e-02 1.597905766054035295e-02 4.978582854380363756e+02
-7.969640129692632247e-01 -2.184884856580952828e-02 -1.909167308494001680e-02 2.130752379211584349e-02 4.988580637141114380e+02
