-3.706117163431735315e-07
-2.596036864996161746e-04
-2.230177125393524140e-04
-2.174274319483374943e-04
-1.926836298516508951e-04
-1.532370735030416761e-04
-1.056640976916111855e-04
-5.564191504036714508e-05
-7.162660519867882325e-06
3.759596852830830293e-05
7.799660941259582952e-05
1.144726733388287156e-04
1.480292666357762449e-04
1.798229752609807521e-04
2.108722286631128007e-04
2.419048509589416648e-04
2.733202049233294639e-04
3.052296474003334979e-04
3.375375979100271573e-04
3.700319821654808844e-04
4.024628947726058585e-04
4.345986837973632574e-04
4.662571713997703854e-04
4.973154328148111361e-04
5.277044191546775885e-04
5.573952574796466790e-04
5.863830704925808478e-04
6.146724115214243856e-04
6.422665338578413497e-04
6.691611232748903354e-04
6.953420172945909417e-04
7.207858429858929415e-04
7.454623479466451416e-04
7.693373375567602503e-04
7.923754295412147736e-04
8.145421723846594120e-04
8.358053707290660555e-04
8.561356730520170615e-04
8.755065991577374923e-04
8.938942243782878718e-04
9.112767213429709585e-04
9.276339104484456659e-04
9.429469103403669526e-04
9.571979254185543047e-04
9.703701659197878047e-04
9.824478721434585886e-04
9.934164038284084338e-04
1.003262358029276356e-03
1.011973685998475902e-03
1.019539790607835571e-03
1.025951595689258544e-03
1.031201586667621637e-03
1.035283826945330261e-03
1.038193956512684785e-03
1.039929179599179262e-03
1.040488246867257976e-03
1.039871436120071851e-03
1.038080533068646335e-03
1.035118812898673090e-03
1.030991022164777591e-03
1.025703359711715914e-03
1.019263455865384790e-03
1.011680349011384508e-03
1.002964458835755050e-03
9.931275563182643575e-04
9.821827305191745128e-04
9.701443523910079081e-04
9.570280363228978815e-04
9.428505997195850419e-04
9.276300211131160642e-04
9.113853973158860455e-04
8.941368999728326050e-04
8.759057315799994442e-04
8.567140816041141560e-04
8.365850826007409586e-04
8.155427665782498175e-04
7.936120220257584590e-04
7.708185514124795247e-04
7.471888296535705376e-04
7.227500634868503021e-04
6.975301520286895755e-04
6.715576485937348530e-04
6.448617238726580408e-04
6.174721306058503396e-04
5.894191697762491463e-04
5.607336583464335748e-04
5.314468986458929225e-04
5.015906492452173755e-04
4.711970974747742595e-04
4.402988333520332052e-04
4.089288249881479717e-04
3.771203953014289002e-04
3.449071999735328869e-04
3.123232065030396415e-04
2.794026742359323771e-04
2.461801352163152812e-04
2.126903757041921205e-04
1.789684181858982345e-04
1.450495037056253732e-04
1.109690743430709797e-04
7.676275562883360076e-05
4.246633874338489424e-05
8.115762282591967240e-06
-2.625290657295153431e-05
-6.060349167006350430e-05
-9.489972847997705260e-05
-1.291052857750261658e-04
-1.631837886357584899e-04
-1.970988428388189900e-04
-2.308140608451424039e-04
-2.642930894180552342e-04
-2.974996390359210276e-04
-3.303975151505760205e-04
-3.629506513681881870e-04
-3.951231445283036499e-04
-4.268792918504021525e-04
-4.581836299538578775e-04
-4.890009758526051714e-04
-5.192964698487520644e-04
-5.490356202241020210e-04
-5.781843496701910556e-04
-6.067090432322600922e-04
-6.345765978687745385e-04
-6.617544730513448071e-04
-6.882107427427604967e-04
-7.139141479704146304e-04
-7.388341503504492749e-04
-7.629409857583217954e-04
-7.862057183818474968e-04
-8.086002945293433277e-04
-8.300975961481733790e-04
-8.506714935542249428e-04
-8.702968973606459721e-04
-8.889498089683449920e-04
-9.066073697046871408e-04
-9.232479079190899314e-04
-9.388509841696882074e-04
-9.533974338595265722e-04
-9.668694073117865958e-04
-9.792504069677070155e-04
-9.905253213345940454e-04
-1.000680455899227109e-03
-1.009703560143725707e-03
-1.017583851283803071e-03
-1.024312033962512802e-03
-1.029880316117995440e-03
-1.034282420927501488e-03
-1.037513594675773141e-03
-1.039570610550413906e-03
-1.040451768542656778e-03
-1.040156891190589621e-03
-1.038687315550022253e-03
-1.036045881301594614e-03
-1.032236915166252853e-03
-1.027266211767740916e-03
-1.021141011195968781e-03
-1.013869973367271908e-03
-1.005463149417229951e-03
-9.959319504085583068e-04
-9.852891136038753085e-04
-9.735486664466339599e-04
-9.607258886430073254e-04
-9.468372726144589626e-04
-9.319004824754729228e-04
-9.159343119441970115e-04
-8.989586414199671020e-04
-8.809943944141511484e-04
-8.620634937685615635e-04
-8.421888177206852261e-04
-8.213941562126747704e-04
-7.997041675282015290e-04
-7.771443356385079925e-04
-7.537409282447493251e-04
-7.295209558711299646e-04
-7.045121320312674497e-04
-6.787428347174703563e-04
-6.522420691551945177e-04
-6.250394321297281361e-04
-5.971650777252025550e-04
-5.686496846976246168e-04
-5.395244253752573636e-04
-5.098209361825142361e-04
-4.795712896706440589e-04
-4.488079680898535758e-04
-4.175638383878057126e-04
-3.858721285749260911e-04
-3.537664053487067357e-04
-3.212805528520550568e-04
-2.884487524544851272e-04
-2.553054633979689732e-04
-2.218854041363649515e-04
-1.882235342342031303e-04
-1.543550366381080563e-04
-1.203153001161420642e-04
-8.613990171951334436e-05
-5.186458906211610545e-05
-1.752526221421120945e-05
1.684204493532308368e-05
5.120118408443140719e-05
8.551591277581433413e-05
1.197499158366682027e-04
1.538668279352269758e-04
1.878302576272605849e-04
2.216038128586562928e-04
2.551511281687025498e-04
2.884358935413450535e-04
3.214218852171978405e-04
3.540729983023810628e-04
3.863532813234605450e-04
4.182269728436529155e-04
4.496585399272841669e-04
4.806127186135947357e-04
5.110545563285888177e-04
5.409494560287584708e-04
5.702632222363640752e-04
5.989621085179614108e-04
6.270128666784142903e-04
6.543827970291281456e-04
6.810398000597994803e-04
7.069524288769133162e-04
7.320899424125475261e-04
7.564223591892367060e-04
7.799205111821841743e-04
8.025560978610822528e-04
8.243017396409603979e-04
8.451310310192422385e-04
8.650185926363496668e-04
8.839401222838056370e-04
9.018724443475788742e-04
9.187935575702263144e-04
9.346826807339025630e-04
9.495202960801314707e-04
9.632881900160039862e-04
9.759694912224133653e-04
9.875487054828487737e-04
9.980117473727863082e-04
1.007345968519672216e-03
1.015540182067551679e-03
1.022584683619656102e-03
1.028471268118928954e-03
1.033193242884317435e-03
1.036745436568880597e-03
1.039124204087182694e-03
1.040327427610581454e-03
1.040354513391920400e-03
1.039206384800250241e-03
1.036885471447273558e-03
1.033395694605462010e-03
1.028742449040984542e-03
1.022932581470784117e-03
1.015974365730989981e-03
1.007877474984514733e-03
9.986529512003585428e-04
9.883131719443472105e-04
9.768718150898582711e-04
9.643438212884909841e-04
9.507453549247800147e-04
9.360937633945383765e-04
9.204075353564926832e-04
9.037062579275514929e-04
8.860105733641295131e-04
8.673421352071773813e-04
8.477235644414626327e-04
8.271784056978707250e-04
8.057310837410731723e-04
7.834068606648259209e-04
7.602317936740881407e-04
7.362326938782955002e-04
7.114370862047315978e-04
6.858731704348337106e-04
6.595697836527066775e-04
6.325563641351376713e-04
6.048629166693885719e-04
5.765199794883302340e-04
5.475585927879173496e-04
5.180102687304821577e-04
4.879069631465467031e-04
4.572810486400926333e-04
4.261652892246282388e-04
3.945928163174829357e-04
3.625971060311856064e-04
3.302119576289059286e-04
2.974714730604610820e-04
2.644100373491317332e-04
2.310622997922607365e-04
1.974631557050811153e-04
1.636477286222528106e-04
1.296513526854000862e-04
9.550955514623862700e-05
6.125803868483551545e-05
2.693266345767788086e-05
-7.430571392806871772e-06
-4.179554692028144517e-05
-7.612604438609204703e-05
-1.103857663134914980e-04
-1.445383587919875661e-04
-1.785474350578100460e-04
-2.123766005935255835e-04
-2.459894798422807699e-04
-2.793497446559593702e-04
-3.124211444622706601e-04
-3.451675384836429944e-04
-3.775529296748273214e-04
-4.095415008253051924e-04
-4.410976524669381121e-04
-4.721860428695245893e-04
-5.027716298675596407e-04
-5.328197145771934465e-04
-5.622959868728223762e-04
-5.911665725700810401e-04
-6.193980820451381068e-04
-6.469576603712097343e-04
-6.738130384919448690e-04
-6.999325855358433423e-04
-7.252853618583027543e-04
-7.498411725819098149e-04
-7.735706216313824454e-04
-7.964451655340211780e-04
-8.184371672339869506e-04
-8.395199492758224956e-04
-8.596678462103059769e-04
-8.788562558373344069e-04
-8.970616892746527578e-04
-9.142618190301932558e-04
-9.304355254060017646e-04
-9.455629404687666091e-04
-9.596254896375048865e-04
-9.726059304429743790e-04
-9.844883882424606929e-04
-9.952583889509215506e-04
-1.004902888042734626e-03
-1.013410296243653268e-03
-1.020770501363841773e-03
-1.026974886334570134e-03
-1.032016343254613501e-03
-1.035889283547314441e-03
-1.038589643939534426e-03
-1.040114888508356268e-03
-1.040464006734910648e-03
-1.039637507450707262e-03
-1.037637409101974410e-03
-1.034467226215252762e-03
-1.030131952010261958e-03
-1.024638037981858351e-03
-1.017993369814946050e-03
-1.010207240431681671e-03
-1.001290320154124731e-03
-9.912546242834062264e-04
-9.801134782283533065e-04
-9.678814807121252422e-04
-9.545744649915655685e-04
-9.402094586468016458e-04
-9.248046420282752611e-04
-9.083793057626181984e-04
-8.909538075165200069e-04
-8.725495282702404017e-04
-8.531888284749889742e-04
-8.328950041527949160e-04
-8.116922433911207685e-04
-7.896055831935829168e-04
-7.666608671760162790e-04
-7.428847040799073029e-04
-7.183044272665110299e-04
-6.929480555112600649e-04
-6.668442550601719719e-04
-6.400223030709280194e-04
-6.125120525420970361e-04
-5.843438988551609556e-04
-5.555487477782816794e-04
-5.261579851321590865e-04
-4.962034479961242124e-04
-4.657173974168249127e-04
-4.347324926894218238e-04
-4.032817669246473950e-04
-3.713986040377570386e-04
-3.391167168869254028e-04
-3.064701265121542529e-04
-2.734931423361419830e-04
-2.402203431137816094e-04
-2.066865585872236554e-04
-1.729268515463871191e-04
-1.389765002114573978e-04
-1.048709806905251022e-04
-7.064594941289587449e-05
-3.633722521461129116e-05
-1.980771050113612918e-06
3.238732498094674852e-05
6.673086941426792102e-05
1.010135841808023412e-04
1.351991285358812025e-04
1.692511222758933320e-04
2.031331704235519878e-04
2.368088894859282721e-04
2.702419353834477843e-04
3.033960332228044380e-04
3.362350088325323028e-04
3.687228223258848876e-04
4.008236035488691069e-04
4.325016895343723202e-04
4.637216638779871440e-04
4.944483981185034214e-04
5.246470949129071167e-04
5.542833330640572695e-04
5.833231142163364333e-04
6.117329111488435797e-04
6.394797174489526585e-04
6.665310985022203155e-04
6.928552434458395840e-04
7.184210180810894804e-04
7.431980182834543218e-04
7.671566239184853019e-04
7.902680527163689255e-04
8.125044141149313911e-04
8.338387626165330146e-04
8.542451503883118340e-04
8.736986789381395507e-04
8.921755493865118035e-04
9.096531113232073388e-04
9.261099096392213072e-04
9.415257293023918291e-04
9.558816377476123203e-04
9.691600244731605291e-04
9.813446377330468061e-04
9.924206180114104273e-04
1.002374527937660272e-03
1.011194378646079533e-03
1.018869652096665666e-03
1.025391319856718431e-03
1.030751857421786889e-03
1.034945255371630965e-03
1.037967026349712442e-03
1.039814209000195205e-03
1.040485368485318061e-03
1.039980594033228668e-03
1.038301493003133697e-03
1.035451181498850621e-03
1.031434270342958866e-03
1.026256845602213814e-03
1.019926442527362620e-03
1.012452011938493220e-03
1.003843878960317864e-03
9.941136952066984434e-04
9.832743871116236996e-04
9.713401057372268157e-04
9.583261841655002456e-04
9.442491106789475388e-04
9.291265241460087759e-04
9.129772352630184142e-04
8.958212706102925164e-04
8.776799268211911073e-04
8.585758114980900644e-04
8.385328360242096189e-04
8.175761197314876166e-04
7.957317668798081795e-04
7.730264944135092735e-04
7.494871217254836038e-04
7.251399841157007932e-04
7.000103938155013018e-04
6.741223344957358865e-04
6.474986165166046271e-04
6.201617159697838267e-04
5.921354433204756339e-04
5.634474164229233938e-04
5.341320445075868400e-04
5.042333882874546879e-04
4.738069095825163586e-04
4.429188665776462742e-04
4.116420868211399992e-04
3.800472109374859590e-04
3.481893684995532963e-04
3.160916618066122313e-04
2.837286833722312712e-04
2.510152637204856024e-04
2.178071909389041024e-04
1.839210145917575742e-04
1.491784068959503919e-04
1.134761878785659991e-04
7.687573583791288486e-05
3.969558130462205828e-05
2.580092962382798080e-06
-3.349187465061413070e-05
-6.729775793825061689e-05
-9.759384269114357606e-05
-1.234805742952623637e-04
-1.448836724908575716e-04
-1.630712213231620927e-04
-1.810663332104165519e-04
-2.037612858585266583e-04
-2.375142984501939507e-04
-2.890413667051474483e-04
-3.635272022421434331e-04
-4.620798786180873078e-04
-5.789226565167839142e-04
-6.990049779627288424e-04
-7.969707095987485024e-04
-8.386084127636716764e-04
-7.859516155501053642e-04
-6.068943145752774687e-04
-2.897187379817937371e-04
1.231035645056638428e-04
