-1.420074258930981159e-04
-1.727278140606358647e-04
-6.030047661624848843e-04
-8.285447838716208935e-04
-9.997211163863539696e-04
-1.116318395361304283e-03
-1.189842703752219677e-03
-1.235358766280114651e-03
-1.269333180971443653e-03
-1.304752775467932224e-03
-1.350786886177957058e-03
-1.410924945957958698e-03
-1.485085114836692810e-03
-1.569209620356559753e-03
-1.660094014368951321e-03
-1.751319039613008499e-03
-1.839850679971277714e-03
-1.923204516060650349e-03
-1.999587984755635262e-03
-2.068852307274937630e-03
-2.132701221853494644e-03
-2.192267682403326035e-03
-2.248273929581046104e-03
-2.301879925653338432e-03
-2.354245167225599289e-03
-2.405502600595355034e-03
-2.455258974805474281e-03
-2.502947812899947166e-03
-2.548966789618134499e-03
-2.592237433418631554e-03
-2.632235642522573471e-03
-2.669507404789328575e-03
-2.703180769458413124e-03
-2.733301836997270584e-03
-2.760090865194797516e-03
-2.783890813589096069e-03
-2.804803662002086639e-03
-2.821338595822453499e-03
-2.835892606526613235e-03
-2.847638214007019997e-03
-2.855379600077867508e-03
-2.860569627955555916e-03
-2.862441586330533028e-03
-2.861146815121173859e-03
-2.857170766219496727e-03
-2.849077573046088219e-03
-2.838803920894861221e-03
-2.824053168296813965e-03
-2.807428129017353058e-03
-2.786638913676142693e-03
-2.763567026704549789e-03
-2.736848779022693634e-03
-2.707255538552999496e-03
-2.674432005733251572e-03
-2.639441518113017082e-03
-2.600372768938541412e-03
-2.559192245826125145e-03
-2.515022410079836845e-03
-2.468065591529011726e-03
-2.418373245745897293e-03
-2.366458997130393982e-03
-2.310821088030934334e-03
-2.253494458273053169e-03
-2.192846965044736862e-03
-2.131404587998986244e-03
-2.065111882984638214e-03
-1.999444793909788132e-03
-1.929214806295931339e-03
-1.858264324255287647e-03
-1.784517313353717327e-03
-1.708662603050470352e-03
-1.631179591640830040e-03
-1.552658970467746258e-03
-1.471348921768367290e-03
-1.389271696098148823e-03
-1.305673038586974144e-03
-1.218714052811264992e-03
-1.132911304011940956e-03
-1.045162323862314224e-03
-9.551607654429972172e-04
-8.661457104608416557e-04
-7.737437845207750797e-04
-6.821767892688512802e-04
-5.891504697501659393e-04
-4.965667612850666046e-04
-4.009022377431392670e-04
-3.084458876401185989e-04
-2.125368191627785563e-04
-1.170878895209170878e-04
-2.339248931093607098e-05
7.332246605074033141e-05
1.672107900958508253e-04
2.618072903715074062e-04
3.574583097361028194e-04
4.512068990152329206e-04
5.451127071864902973e-04
6.375006632879376411e-04
7.317572599276900291e-04
8.229924133047461510e-04
9.122888441197574139e-04
1.003397046588361263e-03
1.091571641154587269e-03
1.178114325739443302e-03
1.265268772840499878e-03
1.351044513285160065e-03
1.432401128113269806e-03
1.515317475423216820e-03
1.594917732290923595e-03
1.673361402936279774e-03
1.749746035784482956e-03
1.823870348744094372e-03
1.897120382636785507e-03
1.967221731320023537e-03
2.035761252045631409e-03
2.100976649671792984e-03
2.165402751415967941e-03
2.226189943030476570e-03
2.284968970343470573e-03
2.342143794521689415e-03
2.394501585513353348e-03
2.446292201057076454e-03
2.494045766070485115e-03
2.539983252063393593e-03
2.582173096016049385e-03
2.622415311634540558e-03
2.659383462741971016e-03
2.693349495530128479e-03
2.724235178902745247e-03
2.752006286755204201e-03
2.776898443698883057e-03
2.797575900331139565e-03
2.818091539666056633e-03
2.832086523994803429e-03
2.844685455784201622e-03
2.853794721886515617e-03
2.859960775822401047e-03
2.862483495846390724e-03
2.862226217985153198e-03
2.858788939192891121e-03
2.851457102224230766e-03
2.841839566826820374e-03
2.828411757946014404e-03
2.811930608004331589e-03
2.792693208903074265e-03
2.769957762211561203e-03
2.744553610682487488e-03
2.715546870604157448e-03
2.683911006897687912e-03
2.649309579282999039e-03
2.611584728583693504e-03
2.570548094809055328e-03
2.528137294575572014e-03
2.481021219864487648e-03
2.432367298752069473e-03
2.379278885200619698e-03
2.327740890905261040e-03
2.270125318318605423e-03
2.209192607551813126e-03
2.147056395187973976e-03
2.084688749164342880e-03
2.017011865973472595e-03
1.948441145941615105e-03
1.878137001767754555e-03
1.805513980798423290e-03
1.729217241518199444e-03
1.653081853874027729e-03
1.574925729073584080e-03
1.494275173172354698e-03
1.411076635122299194e-03
1.328262034803628922e-03
1.242025406099855900e-03
1.158228144049644470e-03
1.068267738446593285e-03
9.802320273593068123e-04
8.919764077290892601e-04
7.982307579368352890e-04
7.074638269841670990e-04
6.145031074993312359e-04
5.214108387008309364e-04
4.272161168046295643e-04
3.348134632688015699e-04
2.368958812439814210e-04
1.445009111193940043e-04
4.987879947293549776e-05
-4.698896009358577430e-05
-1.426767412340268493e-04
-2.345193497603759170e-04
-3.339612158015370369e-04
-4.240696143824607134e-04
-5.191249656490981579e-04
-6.143487407825887203e-04
-7.042986107990145683e-04
-7.956582703627645969e-04
-8.900956017896533012e-04
-9.776836959645152092e-04
-1.066452241502702236e-03
-1.157573191449046135e-03
-1.239879406057298183e-03
-1.327719190157949924e-03
-1.410341938026249409e-03
-1.492472831159830093e-03
-1.573019661009311676e-03
-1.651845523156225681e-03
-1.729122712276875973e-03
-1.804169383831322193e-03
-1.877515227533876896e-03
-1.946969889104366302e-03
-2.018317580223083496e-03
-2.083063591271638870e-03
-2.149126026779413223e-03
-2.209478989243507385e-03
-2.268216805532574654e-03
-2.327437512576580048e-03
-2.379945712164044380e-03
-2.432487672194838524e-03
-2.480489900335669518e-03
-2.527855336666107178e-03
-2.570731565356254578e-03
-2.612716518342494965e-03
-2.649881411343812943e-03
-2.683368744328618050e-03
-2.716729650273919106e-03
-2.744089346379041672e-03
-2.770834369584918022e-03
-2.792237792164087296e-03
-2.811952726915478706e-03
-2.828864380717277527e-03
-2.841168781742453575e-03
-2.851819852367043495e-03
-2.858765190467238426e-03
-2.862301655113697052e-03
-2.862683031708002090e-03
-2.859924221411347389e-03
-2.853858051821589470e-03
-2.844494767487049103e-03
-2.832213882356882095e-03
-2.816970460116863251e-03
-2.798640169203281403e-03
-2.776766428723931313e-03
-2.751704771071672440e-03
-2.723322482779622078e-03
-2.692552516236901283e-03
-2.659407211467623711e-03
-2.622397616505622864e-03
-2.582040615379810333e-03
-2.540029119700193405e-03
-2.494702115654945374e-03
-2.445644699037075043e-03
-2.395240357145667076e-03
-2.340742852538824081e-03
-2.286058384925127029e-03
-2.225652337074279785e-03
-2.166432561352849007e-03
-2.100815065205097198e-03
-2.037403173744678497e-03
-1.964634051546454430e-03
-1.900749281048774719e-03
-1.824786071665585041e-03
-1.749889808706939220e-03
-1.672878046520054340e-03
-1.594619243405759335e-03
-1.517464988864958286e-03
-1.433778787031769753e-03
-1.353574916720390320e-03
-1.266030129045248032e-03
-1.179581275209784508e-03
-1.094874693080782890e-03
-1.006912090815603733e-03
-9.106366196647286415e-04
-8.283561910502612591e-04
-7.284941966645419598e-04
-6.442337762564420700e-04
-5.425869603641331196e-04
-4.576612845994532108e-04
-3.545350336935371161e-04
-2.684799837879836559e-04
-1.683933805907145143e-04
-7.570679008495062590e-05
2.273582322231959552e-05
1.152414988609962165e-04
2.064536965917795897e-04
3.071256796829402447e-04
3.996596205979585648e-04
4.903991939499974251e-04
5.900424439460039139e-04
6.811493658460676670e-04
7.696679676882922649e-04
8.670870447531342506e-04
9.552588453516364098e-04
1.040943898260593414e-03
1.131476019509136677e-03
1.218828605487942696e-03
1.301327953115105629e-03
1.391528989188373089e-03
1.466047135181725025e-03
1.554929651319980621e-03
1.626454410143196583e-03
1.711727818474173546e-03
1.780215650796890259e-03
1.861142343841493130e-03
1.925624441355466843e-03
1.999278785660862923e-03
2.067555440589785576e-03
2.130074659362435341e-03
2.191959880292415619e-03
2.252148464322090149e-03
2.312090713530778885e-03
2.365132095292210579e-03
2.420201664790511131e-03
2.467606682330369949e-03
2.514553256332874298e-03
2.560460940003395081e-03
2.600409556180238724e-03
2.640301361680030823e-03
2.674036659300327301e-03
2.706863684579730034e-03
2.736078109592199326e-03
2.764161210507154465e-03
2.787721110507845879e-03
2.807038370519876480e-03
2.824983792379498482e-03
2.838216256350278854e-03
2.849256619811058044e-03
2.857448067516088486e-03
2.861062530428171158e-03
2.863199915736913681e-03
2.860430162400007248e-03
2.855590777471661568e-03
2.847606316208839417e-03
2.836006227880716324e-03
2.821530681103467941e-03
2.804184332489967346e-03
2.782186726108193398e-03
2.759422408416867256e-03
2.731403801590204239e-03
2.702641766518354416e-03
2.667292486876249313e-03
2.633169526234269142e-03
2.593084238469600677e-03
2.553104422986507416e-03
2.505273092538118362e-03
2.459448063746094704e-03
2.410016488283872604e-03
2.355473348870873451e-03
2.301773987710475922e-03
2.244002418592572212e-03
2.181953284889459610e-03
2.118689008057117462e-03
2.052569529041647911e-03
1.987684983760118484e-03
1.918563037179410458e-03
1.844939542934298515e-03
1.770136994309723377e-03
1.694074133411049843e-03
1.616335357539355755e-03
1.539485296234488487e-03
1.459404593333601952e-03
1.373930368572473526e-03
1.289032981730997562e-03
1.203148509375751019e-03
1.118533429689705372e-03
1.030995277687907219e-03
9.356856462545692921e-04
8.534102817066013813e-04
7.569938898086547852e-04
6.641128566116094589e-04
5.738158361054956913e-04
4.774036351591348648e-04
3.827188629657030106e-04
2.947599277831614017e-04
1.948054705280810595e-04
1.054214808391407132e-04
8.966254085862601642e-07
-8.970130147645249963e-05
-1.808786619221791625e-04
-2.816107298713177443e-04
-3.738928644452244043e-04
-4.646282177418470383e-04
-5.644134944304823875e-04
-6.555779837071895599e-04
-7.443093345500528812e-04
-8.419343503192067146e-04
-9.305687271989881992e-04
-1.016466063447296619e-03
-1.110782730393111706e-03
-1.192437484860420227e-03
-1.277678995393216610e-03
-1.368012279272079468e-03
-1.443418557755649090e-03
-1.532785478048026562e-03
-1.604913850314915180e-03
-1.690905890427529812e-03
-1.759812119416892529e-03
-1.841121120378375053e-03
-1.906628254801034927e-03
-1.980807865038514137e-03
-2.049349248409271240e-03
-2.112394198775291443e-03
-2.174844499677419662e-03
-2.238194225355982780e-03
-2.294729230925440788e-03
-2.349807647988200188e-03
-2.405588980764150620e-03
-2.454363042488694191e-03
-2.501902636140584946e-03
-2.548883436247706413e-03
-2.589371288195252419e-03
-2.630051923915743828e-03
-2.664983272552490234e-03
-2.699567703530192375e-03
-2.727239392697811127e-03
-2.758220769464969635e-03
-2.780360402539372444e-03
-2.801270224153995514e-03
-2.820538589730858803e-03
-2.835189690813422203e-03
-2.845740644261240959e-03
-2.855945378541946411e-03
-2.860475797206163406e-03
-2.863147528842091560e-03
-2.861384302377700806e-03
-2.857943298295140266e-03
-2.850079443305730820e-03
-2.839415566995739937e-03
-2.825762843713164330e-03
-2.808519639074802399e-03
-2.789379796013236046e-03
-2.765660639852285385e-03
-2.739093266427516937e-03
-2.711072331294417381e-03
-2.676292322576045990e-03
-2.643702784553170204e-03
-2.603956498205661774e-03
-2.563592046499252319e-03
-2.520005451515316963e-03
-2.472217194736003876e-03
-2.425503451377153397e-03
-2.369200112298130989e-03
-2.316755242645740509e-03
-2.259909408167004585e-03
-2.198465168476104736e-03
-2.135926159098744392e-03
-2.073001116514205933e-03
-2.004739595577120781e-03
-1.935282372869551182e-03
-1.868630410172045231e-03
-1.789302797988057137e-03
-1.717723556794226170e-03
-1.635389635339379311e-03
-1.561084878630936146e-03
-1.481426181271672249e-03
-1.396602368913590908e-03
-1.315343426540493965e-03
-1.227364526130259037e-03
-1.136733335442841053e-03
-1.057073706761002541e-03
-9.602688951417803764e-04
-8.783604134805500507e-04
-7.827313966117799282e-04
-6.895065307617187500e-04
-5.995611427351832390e-04
-5.034014466218650341e-04
-4.153951595071703196e-04
-3.121522022411227226e-04
-2.220887399744242430e-04
-1.312505773967131972e-04
-2.676658186828717589e-05
6.357109668897464871e-05
1.547331630717962980e-04
2.552742953412234783e-04
3.478463913779705763e-04
4.386427754070609808e-04
5.386491538956761360e-04
6.299659726209938526e-04
7.191915647126734257e-04
8.169546490535140038e-04
9.058543946593999863e-04
9.920749580487608910e-04
1.086616190150380135e-03
1.165548805147409439e-03
1.259866519831120968e-03
1.343138981610536575e-03
1.420636312104761600e-03
1.507316948845982552e-03
1.594696659594774246e-03
1.656972104683518410e-03
1.748316222801804543e-03
1.813816139474511147e-03
1.891041640192270279e-03
1.962235663086175919e-03
2.025734633207321167e-03
2.096088835969567299e-03
2.160841366276144981e-03
2.222346374765038490e-03
2.276903716847300529e-03
2.332465490326285362e-03
2.394821960479021072e-03
2.439241157844662666e-03
2.490943297743797302e-03
2.533607417717576027e-03
