0.000000000000000000e+00 0.000000000000000000e+00 3.333333507180213928e-02 0.000000000000000000e+00 0.000000000000000000e+00
3.332716226577758789e-02 -5.764592788182199001e-04 3.333333507180213928e-02 -4.073327872902154922e-04 9.994444847106933594e-01
6.662552058696746826e-02 -6.580146146006882191e-04 3.331296890974044800e-02 -7.543984102085232735e-04 1.998889923095703125e+00
9.989944100379943848e-02 -2.109047258272767067e-03 3.327525034546852112e-02 -2.209183061495423317e-03 2.998336076736450195e+00
1.330631673336029053e-01 -2.486477373167872429e-03 3.316479176282882690e-02 -3.780921921133995056e-03 3.997786045074462891e+00
1.660976260900497437e-01 -1.848009182140231133e-03 3.297574445605278015e-02 -5.271072033792734146e-03 4.997240066528320312e+00
1.989750415086746216e-01 -4.277559928596019745e-04 3.271219134330749512e-02 -6.552800070494413376e-03 5.996699333190917969e+00
2.316600233316421509e-01 1.452858094125986099e-03 3.238455206155776978e-02 -7.578485179692506790e-03 6.996164798736572266e+00
2.641115188598632812e-01 3.482019761577248573e-03 3.200562670826911926e-02 -8.361072279512882233e-03 7.995637893676757812e+00
2.962856888771057129e-01 5.408849567174911499e-03 3.158757463097572327e-02 -8.956019766628742218e-03 8.995120048522949219e+00
3.281383216381072998e-01 7.077591028064489365e-03 3.113977424800395966e-02 -9.435826912522315979e-03 9.994612693786621094e+00
3.596267700195312500e-01 8.425112813711166382e-03 3.066798299551010132e-02 -9.872866794466972351e-03 1.099411678314208984e+01
3.907110095024108887e-01 9.469727985560894012e-03 3.017433919012546539e-02 -1.032315194606781006e-02 1.199363327026367188e+01
4.213540554046630859e-01 1.027934253215789795e-02 2.965818159282207489e-02 -1.082205213606357574e-02 1.299316406250000000e+01
4.515216350555419922e-01 1.094869244843721390e-02 2.911707945168018341e-02 -1.138042099773883820e-02 1.399270915985107422e+01
4.811818003654479980e-01 1.156150083988904953e-02 2.854805812239646912e-02 -1.199597585946321487e-02 1.499226951599121094e+01
5.103037953376770020e-01 1.219442673027515411e-02 2.794825844466686249e-02 -1.264886744320392609e-02 1.599184608459472656e+01
5.388578772544860840e-01 1.288838777691125870e-02 2.731581591069698334e-02 -1.331778150051832199e-02 1.699143791198730469e+01
5.668144822120666504e-01 1.365800853818655014e-02 2.664992772042751312e-02 -1.398204360157251358e-02 1.799104690551757812e+01
5.941439270973205566e-01 1.449913252145051956e-02 2.595082484185695648e-02 -1.462337560951709747e-02 1.899067306518554688e+01
6.208165287971496582e-01 1.539145689457654953e-02 2.521965652704238892e-02 -1.522972807288169861e-02 1.999031829833984375e+01
6.468028426170349121e-01 1.630320027470588684e-02 2.445816993713378906e-02 -1.579832099378108978e-02 2.098998069763183594e+01
6.720734834671020508e-01 1.720688492059707642e-02 2.366825379431247711e-02 -1.633063144981861115e-02 2.198966217041015625e+01
6.965996026992797852e-01 1.808369532227516174e-02 2.285172231495380402e-02 -1.682966388761997223e-02 2.298936080932617188e+01
7.203533053398132324e-01 1.892002671957015991e-02 2.201023884117603302e-02 -1.730065792798995972e-02 2.398907852172851562e+01
7.433075308799743652e-01 1.970781572163105011e-02 2.114520594477653503e-02 -1.775026321411132812e-02 2.498881530761718750e+01
7.654363512992858887e-01 2.044806070625782013e-02 2.025769278407096863e-02 -1.818308979272842407e-02 2.598857116699218750e+01
7.867148518562316895e-01 2.114759571850299835e-02 1.934853754937648773e-02 -1.860094256699085236e-02 2.698834609985351562e+01
8.071193695068359375e-01 2.181483246386051178e-02 1.841849088668823242e-02 -1.900335587561130524e-02 2.798813819885253906e+01
8.266273736953735352e-01 2.245301008224487305e-02 1.746832393109798431e-02 -1.939116418361663818e-02 2.898794937133789062e+01
8.452172875404357910e-01 2.306937612593173981e-02 1.649876497685909271e-02 -1.976181380450725555e-02 2.998777770996093750e+01
8.628686070442199707e-01 2.366807311773300171e-02 1.551067456603050232e-02 -2.011218667030334473e-02 3.098762321472167969e+01
8.795619010925292969e-01 2.424639277160167694e-02 1.450506504625082016e-02 -2.044185064733028412e-02 3.198748397827148438e+01
8.952786326408386230e-01 2.480571717023849487e-02 1.348297297954559326e-02 -2.074804715812206268e-02 3.298736190795898438e+01
9.100013971328735352e-01 2.534395828843116760e-02 1.244557090103626251e-02 -2.102914080023765564e-02 3.398725509643554688e+01
9.237137436866760254e-01 2.585727162659168243e-02 1.139411423355340958e-02 -2.128472924232482910e-02 3.498716354370117188e+01
9.364004135131835938e-01 2.634142339229583740e-02 1.032987795770168304e-02 -2.151553519070148468e-02 3.598708343505859375e+01
9.480471014976501465e-01 2.679404430091381073e-02 9.254101663827896118e-03 -2.172230556607246399e-02 3.698701477050781250e+01
9.586406946182250977e-01 2.722040563821792603e-02 8.167986758053302765e-03 -2.190125733613967896e-02 3.798696136474609375e+01
9.681695699691772461e-01 2.761035785079002380e-02 7.072923704981803894e-03 -2.205683104693889618e-02 3.898691558837890625e+01
9.766229391098022461e-01 2.796526066958904266e-02 5.970082245767116547e-03 -2.218949235975742340e-02 3.998688125610351562e+01
9.839912056922912598e-01 2.829126454889774323e-02 4.860607441514730453e-03 -2.229611575603485107e-02 4.098685455322265625e+01
9.902663230895996094e-01 2.858327142894268036e-02 3.745801746845245361e-03 -2.237886376678943634e-02 4.198683547973632812e+01
9.954412579536437988e-01 2.884330600500106812e-02 2.626858651638031006e-03 -2.243692241609096527e-02 4.298682403564453125e+01
9.995102882385253906e-01 2.907122671604156494e-02 1.505012507550418377e-03 -2.247020602226257324e-02 4.398681640625000000e+01
1.002468824386596680e+00 2.926488593220710754e-02 3.815022064372897148e-04 -2.248004451394081116e-02 4.498681259155273438e+01
1.004313588142395020e+00 2.943005785346031189e-02 -7.425000658258795738e-04 -2.246318198740482330e-02 4.598681259155273438e+01
1.005042552947998047e+00 2.955931983888149261e-02 -1.865659141913056374e-03 -2.242307923734188080e-02 4.698681259155273438e+01
1.004654884338378906e+00 2.966071665287017822e-02 -2.986812964081764221e-03 -2.235537581145763397e-02 4.798681259155273438e+01
1.003151059150695801e+00 2.972444519400596619e-02 -4.104581661522388458e-03 -2.226473018527030945e-02 4.898681259155273438e+01
1.000532746315002441e+00 2.975823357701301575e-02 -5.217818077653646469e-03 -2.214757166802883148e-02 4.998680877685546875e+01
9.968028664588928223e-01 2.975578606128692627e-02 -6.325196474790573120e-03 -2.200699411332607269e-02 5.098680114746093750e+01
9.919654726982116699e-01 2.972173318266868591e-02 -7.425546180456876755e-03 -2.184107340872287750e-02 5.198678970336914062e+01
9.860260486602783203e-01 2.965396270155906677e-02 -8.517599664628505707e-03 -2.165079116821289062e-02 5.298677444458007812e+01
9.789912104606628418e-01 2.955355681478977203e-02 -9.600139223039150238e-03 -2.143575251102447510e-02 5.398675155639648438e+01
9.708688259124755859e-01 2.941651456058025360e-02 -1.067192666232585907e-02 -2.119874767959117889e-02 5.498672103881835938e+01
9.616678357124328613e-01 2.925082482397556305e-02 -1.173186395317316055e-02 -2.093608677387237549e-02 5.598667907714843750e+01
9.513986706733703613e-01 2.904990129172801971e-02 -1.277866866439580917e-02 -2.065104246139526367e-02 5.698662567138671875e+01
9.400727152824401855e-01 2.881640568375587463e-02 -1.381122041493654251e-02 -2.034319192171096802e-02 5.798656082153320312e+01
9.277026057243347168e-01 2.855079248547554016e-02 -1.482838019728660583e-02 -2.001284249126911163e-02 5.898648452758789062e+01
9.143021702766418457e-01 2.825344353914260864e-02 -1.582902297377586365e-02 -1.966033689677715302e-02 5.998639678955078125e+01
8.998863101005554199e-01 2.792287990450859070e-02 -1.681203953921794891e-02 -1.928736269474029541e-02 6.098629379272460938e+01
8.844709992408752441e-01 2.756592631340026855e-02 -1.777640730142593384e-02 -1.889069750905036926e-02 6.198617553710937500e+01
8.680735826492309570e-01 2.717545442283153534e-02 -1.872094161808490753e-02 -1.847411319613456726e-02 6.298604202270507812e+01
8.507122397422790527e-01 2.675734460353851318e-02 -1.964464783668518066e-02 -1.803533732891082764e-02 6.398589324951171875e+01
8.324064612388610840e-01 2.630281075835227966e-02 -2.054641395807266235e-02 -1.758015528321266174e-02 6.498572540283203125e+01
8.131763339042663574e-01 2.582851797342300415e-02 -2.142542228102684021e-02 -1.710064336657524109e-02 6.598554229736328125e+01
7.930436730384826660e-01 2.531491033732891083e-02 -2.228045463562011719e-02 -1.660742983222007751e-02 6.698534393310546875e+01
7.720304727554321289e-01 2.478126436471939087e-02 -2.311082556843757629e-02 -1.609242707490921021e-02 6.798512268066406250e+01
7.501604557037353516e-01 2.421613223850727081e-02 -2.391544729471206665e-02 -1.556149218231439590e-02 6.898488616943359375e+01
7.274577617645263672e-01 2.362653985619544983e-02 -2.469352260231971741e-02 -1.501240488141775131e-02 6.998462677001953125e+01
7.039477229118347168e-01 2.301192283630371094e-02 -2.544414252042770386e-02 -1.444572769105434418e-02 7.098435211181640625e+01
6.796565651893615723e-01 2.237055823206901550e-02 -2.616642974317073822e-02 -1.386318821460008621e-02 7.198405456542968750e+01
6.546112895011901855e-01 2.170068584382534027e-02 -2.685958892107009888e-02 -1.326758414506912231e-02 7.298374176025390625e+01
6.288395524024963379e-01 2.101109549403190613e-02 -2.752296812832355499e-02 -1.265567354857921600e-02 7.398341369628906250e+01
6.023702025413513184e-01 2.029591239988803864e-02 -2.815575152635574341e-02 -1.203118916600942612e-02 7.498306274414062500e+01
5.752325654029846191e-01 1.955820806324481964e-02 -2.875731140375137329e-02 -1.139434613287448883e-02 7.598269653320312500e+01
5.474567413330078125e-01 1.880760677158832550e-02 -2.932702936232089996e-02 -1.074001006782054901e-02 7.698230743408203125e+01
5.190739035606384277e-01 1.802673563361167908e-02 -2.986402995884418488e-02 -1.007786020636558533e-02 7.798190307617187500e+01
4.901152551174163818e-01 1.722687855362892151e-02 -3.036792203783988953e-02 -9.405163116753101349e-03 7.898148345947265625e+01
4.606129527091979980e-01 1.641367562115192413e-02 -3.083818033337593079e-02 -8.719301782548427582e-03 7.998104858398437500e+01
4.305999577045440674e-01 1.557493675500154495e-02 -3.127414360642433167e-02 -8.027899079024791718e-03 8.098059844970703125e+01
4.001092910766601562e-01 1.472832169383764267e-02 -3.167553991079330444e-02 -7.323263213038444519e-03 8.198013305664062500e+01
3.691751062870025635e-01 1.386016886681318283e-02 -3.204170241951942444e-02 -6.612609140574932098e-03 8.297965240478515625e+01
3.378315567970275879e-01 1.297836285084486008e-02 -3.237233310937881470e-02 -5.893946159631013870e-03 8.397916412353515625e+01
3.061134517192840576e-01 1.207817904651165009e-02 -3.266702964901924133e-02 -5.171464290469884872e-03 8.497866058349609375e+01
2.740558087825775146e-01 1.117511559277772903e-02 -3.292560204863548279e-02 -4.437722265720367432e-03 8.597814941406250000e+01
2.416946142911911011e-01 1.024599745869636536e-02 -3.314748778939247131e-02 -3.706026356667280197e-03 8.697762298583984375e+01
2.090652137994766235e-01 9.316516108810901642e-03 -3.333278745412826538e-02 -2.965733874589204788e-03 8.797708892822265625e+01
1.762041598558425903e-01 8.376377634704113007e-03 -3.348107263445854187e-02 -2.221300499513745308e-03 8.897654724121093750e+01
1.431479305028915405e-01 7.418278139084577560e-03 -3.359213843941688538e-02 -1.479269587434828281e-03 8.997599792480468750e+01
1.099328100681304932e-01 6.463514640927314758e-03 -3.366610035300254822e-02 -7.301103323698043823e-04 9.097544860839843750e+01
7.659605890512466431e-02 5.492276046425104141e-03 -3.370260447263717651e-02 1.546676503494381905e-05 9.197489166259765625e+01
4.317429289221763611e-02 4.517099354416131973e-03 -3.370182961225509644e-02 7.607921725139021873e-04 9.297433471679687500e+01
9.704563766717910767e-03 3.543974831700325012e-03 -3.366379067301750183e-02 1.508976332843303680e-03 9.397377777099609375e+01
-2.377577126026153564e-02 2.561567118391394615e-03 -3.358834236860275269e-02 2.253514714539051056e-03 9.497322082519531250e+01
-5.722979456186294556e-02 1.577574643306434155e-03 -3.347566723823547363e-02 2.996180439367890358e-03 9.597266387939453125e+01
-9.062037616968154907e-02 5.882822442799806595e-04 -3.332585841417312622e-02 3.733296412974596024e-03 9.697210693359375000e+01
-1.239106655120849609e-01 -3.912399988621473312e-04 -3.313919529318809509e-02 4.472237545996904373e-03 9.797154998779296875e+01
-1.570633500814437866e-01 -1.378700486384332180e-03 -3.291558474302291870e-02 5.203668028116226196e-03 9.897100067138671875e+01
-1.900418996810913086e-01 -2.371562644839286804e-03 -3.265540301799774170e-02 5.924757570028305054e-03 9.997045898437500000e+01
-2.228100150823593140e-01 -3.350176382809877396e-03 -3.235916420817375183e-02 6.644464097917079926e-03 1.009699249267578125e+02
-2.553309500217437744e-01 -4.330348223447799683e-03 -3.202694281935691833e-02 7.354873232543468475e-03 1.019693984985351562e+02
-2.875688076019287109e-01 -5.308871157467365265e-03 -3.165920078754425049e-02 8.054686710238456726e-03 1.029688796997070312e+02
-3.194880187511444092e-01 -6.273321807384490967e-03 -3.125646710395812988e-02 8.749514818191528320e-03 1.039683685302734375e+02
-3.510529100894927979e-01 -7.229541894048452377e-03 -3.081899136304855347e-02 9.437215514481067657e-03 1.049678726196289062e+02
-3.822283148765563965e-01 -8.191418834030628204e-03 -3.034713119268417358e-02 1.010771095752716064e-02 1.059673843383789062e+02
-4.129801690578460693e-01 -9.133393876254558563e-03 -2.984174527227878571e-02 1.077173557132482529e-02 1.069669113159179688e+02
-4.432739615440368652e-01 -1.006983593106269836e-02 -2.930315770208835602e-02 1.142213772982358932e-02 1.079664535522460938e+02
-4.730761945247650146e-01 -1.099391561001539230e-02 -2.873205021023750305e-02 1.206055935472249985e-02 1.089660110473632812e+02
-5.023537874221801758e-01 -1.190661545842885971e-02 -2.812902256846427917e-02 1.268546003848314285e-02 1.099655838012695312e+02
-5.310741662979125977e-01 -1.280783675611019135e-02 -2.749474905431270599e-02 1.329528354108333588e-02 1.109651718139648438e+02
-5.592055916786193848e-01 -1.369034033268690109e-02 -2.682998403906822205e-02 1.389301195740699768e-02 1.119647750854492188e+02
-5.867166519165039062e-01 -1.456174999475479126e-02 -2.613533288240432739e-02 1.447402592748403549e-02 1.129643936157226562e+02
-6.135768294334411621e-01 -1.541583240032196045e-02 -2.541163191199302673e-02 1.503993570804595947e-02 1.139640350341796875e+02
-6.397562623023986816e-01 -1.625740155577659607e-02 -2.465963549911975861e-02 1.558671612292528152e-02 1.149636917114257812e+02
-6.652260422706604004e-01 -1.707519777119159698e-02 -2.388029918074607849e-02 1.611906662583351135e-02 1.159633712768554688e+02
-6.899576187133789062e-01 -1.787834428250789642e-02 -2.307434566318988800e-02 1.663181744515895844e-02 1.169630661010742188e+02
-7.139235734939575195e-01 -1.866083405911922455e-02 -2.224275469779968262e-02 1.712635159492492676e-02 1.179627761840820312e+02
-7.370973229408264160e-01 -1.941860653460025787e-02 -2.138643711805343628e-02 1.760470122098922729e-02 1.189625091552734375e+02
-7.594528198242187500e-01 -2.016413211822509766e-02 -2.050620131194591522e-02 1.805897057056427002e-02 1.199622573852539062e+02
-7.809655666351318359e-01 -2.088019065558910370e-02 -1.960325241088867188e-02 1.849629171192646027e-02 1.209620285034179688e+02
-8.016113638877868652e-01 -2.157706953585147858e-02 -1.867843791842460632e-02 1.891127973794937134e-02 1.219618148803710938e+02
-8.213673830032348633e-01 -2.224688977003097534e-02 -1.773287355899810791e-02 1.930685527622699738e-02 1.229616241455078125e+02
-8.402115106582641602e-01 -2.289540693163871765e-02 -1.676753163337707520e-02 1.967935822904109955e-02 1.239614486694335938e+02
-8.581228852272033691e-01 -2.351529709994792938e-02 -1.578356325626373291e-02 2.003160491585731506e-02 1.249612884521484375e+02
-8.750814199447631836e-01 -2.411011978983879089e-02 -1.478198263794183731e-02 2.036159299314022064e-02 1.259611434936523438e+02
-8.910682201385498047e-01 -2.467901259660720825e-02 -1.376390270888805389e-02 2.066883072257041931e-02 1.269610137939453125e+02
-9.060655236244201660e-01 -2.522125281393527985e-02 -1.273046154528856277e-02 2.095277421176433563e-02 1.279608993530273438e+02
-9.200565814971923828e-01 -2.573596127331256866e-02 -1.168282330036163330e-02 2.121298573911190033e-02 1.289608001708984375e+02
-9.330258369445800781e-01 -2.622119709849357605e-02 -1.062217354774475098e-02 2.144985459744930267e-02 1.299607238769531250e+02
-9.449588060379028320e-01 -2.668151259422302246e-02 -9.549681097269058228e-03 2.165981382131576538e-02 1.309606475830078125e+02
-9.558423757553100586e-01 -2.709982171654701233e-02 -8.466690778732299805e-03 2.185217477381229401e-02 1.319605865478515625e+02
-9.656639099121093750e-01 -2.750034257769584656e-02 -7.374081760644912720e-03 2.201469242572784424e-02 1.329605407714843750e+02
-9.744129180908203125e-01 -2.786542102694511414e-02 -6.273346953094005585e-03 2.215421199798583984e-02 1.339605102539062500e+02
-9.820794463157653809e-01 -2.819919586181640625e-02 -5.165636539459228516e-03 2.226911298930644989e-02 1.349604797363281250e+02
-9.886549711227416992e-01 -2.850044891238212585e-02 -4.052180796861648560e-03 2.235992439091205597e-02 1.359604644775390625e+02
-9.941321611404418945e-01 -2.877176553010940552e-02 -2.934184391051530838e-03 2.242497913539409637e-02 1.369604492187500000e+02
-9.985049366950988770e-01 -2.900962717831134796e-02 -1.812935457564890385e-03 2.246568351984024048e-02 1.379604339599609375e+02
-1.001768350601196289e+00 -2.921481430530548096e-02 -6.896512350067496300e-04 2.248178981244564056e-02 1.389604339599609375e+02
-1.003918766975402832e+00 -2.939048223197460175e-02 4.344382323324680328e-04 2.247109264135360718e-02 1.399604339599609375e+02
-1.004953861236572266e+00 -2.952990122139453888e-02 1.557992887683212757e-03 2.243679389357566833e-02 1.409604339599609375e+02
-1.004872322082519531e+00 -2.963817678391933441e-02 2.679832745343446732e-03 2.237656898796558380e-02 1.419604339599609375e+02
-1.003674387931823730e+00 -2.971315756440162659e-02 3.798661287873983383e-03 2.229110151529312134e-02 1.429604339599609375e+02
-1.001361370086669922e+00 -2.975296974182128906e-02 4.913216456770896912e-03 2.218167483806610107e-02 1.439604339599609375e+02
-9.979358315467834473e-01 -2.976070716977119446e-02 6.022300105541944504e-03 2.204698510468006134e-02 1.449604339599609375e+02
-9.934015870094299316e-01 -2.973367273807525635e-02 7.124649360775947571e-03 2.188857272267341614e-02 1.459604187011718750e+02
-9.877636432647705078e-01 -2.967548184096813202e-02 8.219078183174133301e-03 2.170474827289581299e-02 1.469604034423828125e+02
-9.810283780097961426e-01 -2.958279289305210114e-02 9.304315783083438873e-03 2.149721980094909668e-02 1.479603881835937500e+02
-9.732033014297485352e-01 -2.945656701922416687e-02 1.037917658686637878e-02 2.126611024141311646e-02 1.489603576660156250e+02
-9.642970561981201172e-01 -2.929817885160446167e-02 1.144248247146606445e-02 2.101105079054832458e-02 1.499603118896484375e+02
-9.543196558952331543e-01 -2.910889312624931335e-02 1.249303482472896576e-02 2.073126100003719330e-02 1.509602661132812500e+02
-9.432823061943054199e-01 -2.888089790940284729e-02 1.352959778159856796e-02 2.043178677558898926e-02 1.519602050781250000e+02
-9.311970472335815430e-01 -2.862777560949325562e-02 1.455118693411350250e-02 2.010631747543811798e-02 1.529601287841796875e+02
-9.180775880813598633e-01 -2.833900414407253265e-02 1.555650308728218079e-02 1.975989341735839844e-02 1.539600372314453125e+02
-9.039384722709655762e-01 -2.802469022572040558e-02 1.654449850320816040e-02 1.938743144273757935e-02 1.549599456787109375e+02
-8.887957930564880371e-01 -2.766192518174648285e-02 1.751386933028697968e-02 1.900282315909862518e-02 1.559598388671875000e+02
-8.726657032966613770e-01 -2.728100121021270752e-02 1.846401020884513855e-02 1.859308779239654541e-02 1.569597167968750000e+02
-8.555665612220764160e-01 -2.687692083418369293e-02 1.939366385340690613e-02 1.815786026418209076e-02 1.579595642089843750e+02
-8.375176787376403809e-01 -2.643761038780212402e-02 2.030155621469020844e-02 1.770295202732086182e-02 1.589593963623046875e+02
-8.185391426086425781e-01 -2.595731057226657867e-02 2.118670381605625153e-02 1.723484881222248077e-02 1.599592132568359375e+02
-7.986515760421752930e-01 -2.545943669974803925e-02 2.204844541847705841e-02 1.674314588308334351e-02 1.609590148925781250e+02
-7.778775691986083984e-01 -2.493051998317241669e-02 2.288560196757316589e-02 1.623385772109031677e-02 1.619588012695312500e+02
-7.562401890754699707e-01 -2.437146194279193878e-02 2.369729429483413696e-02 1.570841111242771149e-02 1.629585723876953125e+02
-7.337633371353149414e-01 -2.378662675619125366e-02 2.448271401226520538e-02 1.516603771597146988e-02 1.639583129882812500e+02
-7.104720473289489746e-01 -2.318351343274116516e-02 2.524101547896862030e-02 1.460236497223377228e-02 1.649580383300781250e+02
-6.863925457000732422e-01 -2.254694513976573944e-02 2.597113326191902161e-02 1.402559969574213028e-02 1.659577484130859375e+02
-6.615512967109680176e-01 -2.188438549637794495e-02 2.667241357266902924e-02 1.343471277505159378e-02 1.669574432373046875e+02
-6.359758973121643066e-01 -2.120144292712211609e-02 2.734414860606193542e-02 1.282769441604614258e-02 1.679571228027343750e+02
-6.096948385238647461e-01 -2.049988321959972382e-02 2.798553369939327240e-02 1.220311038196086884e-02 1.689567718505859375e+02
-5.827375650405883789e-01 -1.976749487221240997e-02 2.859568968415260315e-02 1.156844943761825562e-02 1.699564056396484375e+02
-5.551337599754333496e-01 -1.901948451995849609e-02 2.917411178350448608e-02 1.091757323592901230e-02 1.709560241699218750e+02
-5.269143581390380859e-01 -1.823556050658226013e-02 2.971998974680900574e-02 1.026337035000324249e-02 1.719556274414062500e+02
-4.981101155281066895e-01 -1.745067164301872253e-02 3.023315779864788055e-02 9.589389897882938385e-03 1.729552154541015625e+02
-4.687536954879760742e-01 -1.663765497505664825e-02 3.071262687444686890e-02 8.908348158001899719e-03 1.739547882080078125e+02
-4.388773739337921143e-01 -1.580075547099113464e-02 3.115804493427276611e-02 8.222185075283050537e-03 1.749543457031250000e+02
-4.085140228271484375e-01 -1.496597658842802048e-02 3.156915307044982910e-02 7.517029531300067902e-03 1.759538879394531250e+02
-3.776980340480804443e-01 -1.410152111202478409e-02 3.194500505924224854e-02 6.808337289839982986e-03 1.769534149169921875e+02
-3.464631736278533936e-01 -1.322373375296592712e-02 3.228542208671569824e-02 6.091109011322259903e-03 1.779529266357421875e+02
-3.148441910743713379e-01 -1.232957281172275543e-02 3.258997574448585510e-02 5.368079524487257004e-03 1.789524230957031250e+02
-2.828761339187622070e-01 -1.142378896474838257e-02 3.285837918519973755e-02 4.638204816728830338e-03 1.799519195556640625e+02
-2.505945563316345215e-01 -1.049658842384815216e-02 3.309028968214988708e-02 3.909119870513677597e-03 1.809514007568359375e+02
-2.180348485708236694e-01 -9.579072706401348114e-03 3.328574448823928833e-02 3.164725145325064659e-03 1.819508666992187500e+02
-1.852339357137680054e-01 -8.629986084997653961e-03 3.344397991895675659e-02 2.426442224532365799e-03 1.829503326416015625e+02
-1.522274464368820190e-01 -7.676137145608663559e-03 3.356530144810676575e-02 1.685661496594548225e-03 1.839497833251953125e+02
-1.190520375967025757e-01 -6.725924089550971985e-03 3.364958614110946655e-02 9.368573082610964775e-04 1.849492340087890625e+02
-8.574490249156951904e-02 -5.765215028077363968e-03 3.369642794132232666e-02 1.863424549810588360e-04 1.859486846923828125e+02
-5.234294757246971130e-02 -4.780570976436138153e-03 3.370574489235877991e-02 -5.542240105569362640e-04 1.869481201171875000e+02
-1.888247579336166382e-02 -3.821611404418945312e-03 3.367803245782852173e-02 -1.310258172452449799e-03 1.879475555419921875e+02
1.459821686148643494e-02 -2.825525589287281036e-03 3.361251950263977051e-02 -2.049347152933478355e-03 1.889469909667968750e+02
4.806321114301681519e-02 -1.843009260483086109e-03 3.351005166769027710e-02 -2.791847800835967064e-03 1.899464263916015625e+02
8.147490024566650391e-02 -8.663288317620754242e-04 3.337045758962631226e-02 -3.536994103342294693e-03 1.909458618164062500e+02
1.147958785295486450e-01 1.307319616898894310e-04 3.319360688328742981e-02 -4.268689546734094620e-03 1.919453125000000000e+02
1.479899287223815918e-01 1.121515757404267788e-03 3.298017382621765137e-02 -4.995872266590595245e-03 1.929447631835937500e+02
1.810201704502105713e-01 2.091356087476015091e-03 3.273038193583488464e-02 -5.729006603360176086e-03 1.939442138671875000e+02
2.138492166996002197e-01 3.081745468080043793e-03 3.244393318891525269e-02 -6.446276791393756866e-03 1.949436798095703125e+02
2.464414685964584351e-01 4.064498469233512878e-03 3.212162107229232788e-02 -7.156841456890106201e-03 1.959431457519531250e+02
2.787606716156005859e-01 5.026218481361865997e-03 3.176377713680267334e-02 -7.869883440434932709e-03 1.969426269531250000e+02
3.107702732086181641e-01 6.012939848005771637e-03 3.137028217315673828e-02 -8.559222333133220673e-03 1.979421081542968750e+02
3.424358963966369629e-01 6.969353649765253067e-03 3.094232082366943359e-02 -9.249351918697357178e-03 1.989416046142578125e+02
3.737215697765350342e-01 7.928628474473953247e-03 3.047985397279262543e-02 -9.925021789968013763e-03 1.999411163330078125e+02
4.045929610729217529e-01 8.877305313944816589e-03 2.998360246419906616e-02 -1.059008669108152390e-02 2.009406433105468750e+02
4.350157380104064941e-01 9.815166704356670380e-03 2.945409901440143585e-02 -1.124386303126811981e-02 2.019401855468750000e+02
4.649561345577239990e-01 1.074194721877574921e-02 2.889190614223480225e-02 -1.188552659004926682e-02 2.029397430419921875e+02
4.943808913230895996e-01 1.165596116334199905e-02 2.829762920737266541e-02 -1.251504663378000259e-02 2.039393157958984375e+02
5.232573151588439941e-01 1.255887281149625778e-02 2.767187729477882385e-02 -1.313045248389244080e-02 2.049389038085937500e+02
5.515533685684204102e-01 1.344761904329061508e-02 2.701535448431968689e-02 -1.373200584203004837e-02 2.059385070800781250e+02
5.792375802993774414e-01 1.432940084487199783e-02 2.632875367999076843e-02 -1.431360095739364624e-02 2.069381256103515625e+02
6.062794923782348633e-01 1.517922431230545044e-02 2.561307325959205627e-02 -1.488792244344949722e-02 2.079377593994140625e+02
6.326484680175781250e-01 1.602839305996894836e-02 2.486867643892765045e-02 -1.543870940804481506e-02 2.089374084472656250e+02
6.583157777786254883e-01 1.684834994375705719e-02 2.409674040973186493e-02 -1.597829349339008331e-02 2.099370727539062500e+02
6.832523345947265625e-01 1.766183786094188690e-02 2.329782582819461823e-02 -1.649440638720989227e-02 2.109367675781250000e+02
7.074308991432189941e-01 1.845437660813331604e-02 2.247310616075992584e-02 -1.699095964431762695e-02 2.119364776611328125e+02
7.308245897293090820e-01 1.921221427619457245e-02 2.162355743348598480e-02 -1.747645065188407898e-02 2.129362030029296875e+02
7.534068226814270020e-01 1.996430195868015289e-02 2.074973471462726593e-02 -1.793569326400756836e-02 2.139359436035156250e+02
7.751530408859252930e-01 2.068642526865005493e-02 1.985294930636882782e-02 -1.837833039462566376e-02 2.149357147216796875e+02
7.960388064384460449e-01 2.139143459498882294e-02 1.893403194844722748e-02 -1.879740692675113678e-02 2.159355010986328125e+02
8.160411119461059570e-01 2.206468768417835236e-02 1.799416169524192810e-02 -1.919967494904994965e-02 2.169353027343750000e+02
8.351373672485351562e-01 2.271927148103713989e-02 1.703417859971523285e-02 -1.957840099930763245e-02 2.179351196289062500e+02
8.533065319061279297e-01 2.334216237068176270e-02 1.605525799095630646e-02 -1.993959024548530579e-02 2.189349517822265625e+02
8.705280423164367676e-01 2.394701726734638214e-02 1.505827810615301132e-02 -2.027583681046962738e-02 2.199347991943359375e+02
8.867829442024230957e-01 2.453044243156909943e-02 1.404448598623275757e-02 -2.058568596839904785e-02 2.209346618652343750e+02
9.020533561706542969e-01 2.507446147501468658e-02 1.301520131528377533e-02 -2.087837271392345428e-02 2.219345397949218750e+02
9.163218140602111816e-01 2.560070157051086426e-02 1.197128277271986008e-02 -2.114297077059745789e-02 2.229344329833984375e+02
9.295727610588073730e-01 2.609011530876159668e-02 1.091413386166095734e-02 -2.138793282210826874e-02 2.239343414306640625e+02
9.417911171913146973e-01 2.655822411179542542e-02 9.844737127423286438e-03 -2.160511910915374756e-02 2.249342651367187500e+02
9.529635310173034668e-01 2.699192799627780914e-02 8.764481171965599060e-03 -2.179979346692562103e-02 2.259342041015625000e+02
9.630774259567260742e-01 2.739270217716693878e-02 7.674491498619318008e-03 -2.197211980819702148e-02 2.269341583251953125e+02
9.721214175224304199e-01 2.776893973350524902e-02 6.575885228812694550e-03 -2.211704477667808533e-02 2.279341125488281250e+02
9.800856709480285645e-01 2.810894139111042023e-02 5.470032803714275360e-03 -2.223979867994785309e-02 2.289340820312500000e+02
9.869611263275146484e-01 2.841883152723312378e-02 4.358042962849140167e-03 -2.233783528208732605e-02 2.299340667724609375e+02
9.927400946617126465e-01 2.869874611496925354e-02 3.241151105612516403e-03 -2.241038903594017029e-02 2.309340515136718750e+02
9.974161982536315918e-01 2.894696034491062164e-02 2.120631746947765350e-03 -2.245769463479518890e-02 2.319340362548828125e+02
1.000984191894531250e+00 2.916256338357925415e-02 9.977469453588128090e-04 -2.247994393110275269e-02 2.329340362548828125e+02
1.003440022468566895e+00 2.934584394097328186e-02 -1.262503210455179214e-04 -2.247677929699420929e-02 2.339340362548828125e+02
1.004781007766723633e+00 2.949658781290054321e-02 -1.250089262612164021e-03 -2.244800329208374023e-02 2.349340362548828125e+02
1.005005717277526855e+00 2.961291559040546417e-02 -2.372489310801029205e-03 -2.239457517862319946e-02 2.359340362548828125e+02
1.004113912582397461e+00 2.969478629529476166e-02 -3.492217976599931717e-03 -2.231697551906108856e-02 2.369340362548828125e+02
1.002106428146362305e+00 2.974316105246543884e-02 -4.608066752552986145e-03 -2.221515402197837830e-02 2.379340362548828125e+02
9.989855289459228516e-01 2.976044081151485443e-02 -5.718824453651905060e-03 -2.208777144551277161e-02 2.389340362548828125e+02
9.947547316551208496e-01 2.974536456167697906e-02 -6.823212839663028717e-03 -2.193499542772769928e-02 2.399340209960937500e+02
9.894188046455383301e-01 2.969785220921039581e-02 -7.919962517917156219e-03 -2.175654657185077667e-02 2.409340057373046875e+02
9.829837679862976074e-01 2.961379289627075195e-02 -9.007790125906467438e-03 -2.155491709709167480e-02 2.419339904785156250e+02
9.754567146301269531e-01 2.949303761124610901e-02 -1.008553616702556610e-02 -2.133172936737537384e-02 2.429339599609375000e+02
9.668459296226501465e-01 2.934313565492630005e-02 -1.115212216973304749e-02 -2.108376100659370422e-02 2.439339294433593750e+02
9.571611285209655762e-01 2.916355803608894348e-02 -1.220631040632724762e-02 -2.081043273210525513e-02 2.449338836669921875e+02
9.464132189750671387e-01 2.894654870033264160e-02 -1.324683241546154022e-02 -2.051621675491333008e-02 2.459338226318359375e+02
9.346140027046203613e-01 2.869839407503604889e-02 -1.427264325320720673e-02 -2.019921503961086273e-02 2.469337615966796875e+02
9.217765927314758301e-01 2.842286042869091034e-02 -1.528260391205549240e-02 -1.985702849924564362e-02 2.479336853027343750e+02
9.079155921936035156e-01 2.811029180884361267e-02 -1.627545617520809174e-02 -1.949494518339633942e-02 2.489335937500000000e+02
8.930462002754211426e-01 2.777098678052425385e-02 -1.725020259618759155e-02 -1.910848170518875122e-02 2.499334869384765625e+02
8.771852254867553711e-01 2.739116735756397247e-02 -1.820562593638896942e-02 -1.870595104992389679e-02 2.509333648681640625e+02
8.603499531745910645e-01 2.699284814298152924e-02 -1.914092339575290680e-02 -1.827681809663772583e-02 2.519332275390625000e+02
8.425595760345458984e-01 2.655145712196826935e-02 -2.005476504564285278e-02 -1.783413626253604889e-02 2.529330749511718750e+02
8.238334655761718750e-01 2.609521709382534027e-02 -2.094647102057933807e-02 -1.736451871693134308e-02 2.539329071044921875e+02
8.041930198669433594e-01 2.559376880526542664e-02 -2.181469649076461792e-02 -1.688405871391296387e-02 2.549327087402343750e+02
7.836594581604003906e-01 2.509082108736038208e-02 -2.265889942646026611e-02 -1.636991091072559357e-02 2.559324951171875000e+02
7.622567415237426758e-01 2.451730519533157349e-02 -2.347739413380622864e-02 -1.585974916815757751e-02 2.569322814941406250e+02
7.400070428848266602e-01 2.395213022828102112e-02 -2.427038177847862244e-02 -1.531753968447446823e-02 2.579320373535156250e+02
7.169362902641296387e-01 2.335592173039913177e-02 -2.503625862300395966e-02 -1.475798431783914566e-02 2.589317626953125000e+02
6.930700540542602539e-01 2.273137308657169342e-02 -2.577415853738784790e-02 -1.418133173137903214e-02 2.599314880371093750e+02
6.684349179267883301e-01 2.207692526280879974e-02 -2.648322470486164093e-02 -1.359022222459316254e-02 2.609311828613281250e+02
6.430582404136657715e-01 2.138469740748405457e-02 -2.716273628175258636e-02 -1.299307588487863541e-02 2.619308471679687500e+02
6.169676780700683594e-01 2.068909630179405212e-02 -2.781238965690135956e-02 -1.237337663769721985e-02 2.629305114746093750e+02
5.901929140090942383e-01 1.995475590229034424e-02 -2.843105792999267578e-02 -1.174930576235055923e-02 2.639301452636718750e+02
5.627630352973937988e-01 1.922138966619968414e-02 -2.901852317154407501e-02 -1.110141631215810776e-02 2.649297790527343750e+02
5.347092747688293457e-01 1.846044510602951050e-02 -2.957359328866004944e-02 -1.044151559472084045e-02 2.659293823242187500e+02
5.060626268386840820e-01 1.766305416822433472e-02 -3.009566850960254669e-02 -9.778968989849090576e-03 2.669289855957031250e+02
4.768542647361755371e-01 1.685325428843498230e-02 -3.058461658656597137e-02 -9.105407632887363434e-03 2.679285583496093750e+02
4.471166729927062988e-01 1.605838723480701447e-02 -3.103988617658615112e-02 -8.401012048125267029e-03 2.689281311035156250e+02
4.168843030929565430e-01 1.518540643155574799e-02 -3.145993500947952271e-02 -7.717130705714225769e-03 2.699276733398437500e+02
3.861884474754333496e-01 1.435496844351291656e-02 -3.184579312801361084e-02 -6.995889823883771896e-03 2.709272155761718750e+02
3.550654053688049316e-01 1.345080882310867310e-02 -3.219558671116828918e-02 -6.295627914369106293e-03 2.719267272949218750e+02
3.235475718975067139e-01 1.259165070950984955e-02 -3.251036629080772400e-02 -5.558854900300502777e-03 2.729262390136718750e+02
2.916721701622009277e-01 1.165661029517650604e-02 -3.278831019997596741e-02 -4.846820607781410217e-03 2.739257202148437500e+02
2.594722509384155273e-01 1.077227573841810226e-02 -3.303065150976181030e-02 -4.098324105143547058e-03 2.749252014160156250e+02
2.269859313964843750e-01 9.814274497330188751e-03 -3.323556855320930481e-02 -3.375608474016189575e-03 2.759246826171875000e+02
1.942469179630279541e-01 8.892497047781944275e-03 -3.340435028076171875e-02 -2.629045862704515457e-03 2.769241333007812500e+02
1.612931489944458008e-01 7.939757779240608215e-03 -3.353580087423324585e-02 -1.888551749289035797e-03 2.779235839843750000e+02
1.281603872776031494e-01 6.996918004006147385e-03 -3.363022953271865845e-02 -1.135411555878818035e-03 2.789230346679687500e+02
9.488613903522491455e-02 6.023609545081853867e-03 -3.368699923157691956e-02 -3.912661923095583916e-04 2.799224853515625000e+02
6.150651723146438599e-02 5.034812260419130325e-03 -3.370656073093414307e-02 3.434447571635246277e-04 2.809219360351562500e+02
2.805793285369873047e-02 4.084075801074504852e-03 -3.368938714265823364e-02 1.099286600947380066e-03 2.819213867187500000e+02
-5.420994013547897339e-03 3.103223163634538651e-03 -3.363442420959472656e-02 1.845212420448660851e-03 2.829208374023437500e+02
-3.889400511980056763e-02 2.105975989252328873e-03 -3.354216367006301880e-02 2.579681808128952980e-03 2.839202880859375000e+02
-7.232463359832763672e-02 1.145963091403245926e-03 -3.341317921876907349e-02 3.332400461658835411e-03 2.849197387695312500e+02
-1.056743264198303223e-01 1.565610291436314583e-04 -3.324655815958976746e-02 4.072229843586683273e-03 2.859191894531250000e+02
-1.389069408178329468e-01 -8.490440668538212776e-04 -3.304294496774673462e-02 4.796436987817287445e-03 2.869186401367187500e+02
-1.719863116741180420e-01 -1.813162234611809254e-03 -3.280312195420265198e-02 5.536232609301805496e-03 2.879180908203125000e+02
-2.048741579055786133e-01 -2.804219489917159081e-03 -3.252631053328514099e-02 6.259412970393896103e-03 2.889175415039062500e+02
-2.375348806381225586e-01 -3.805809188634157181e-03 -3.221334144473075867e-02 6.964894011616706848e-03 2.899170227050781250e+02
-2.699328362941741943e-01 -4.776723217219114304e-03 -3.186509758234024048e-02 7.673016283661127090e-03 2.909165039062500000e+02
-3.020312488079071045e-01 -5.743845831602811813e-03 -3.148144856095314026e-02 8.373697288334369659e-03 2.919159851074218750e+02
-3.337945342063903809e-01 -6.720871198922395706e-03 -3.106276318430900574e-02 9.055729024112224579e-03 2.929154663085937500e+02
-3.651881814002990723e-01 -7.654312532395124435e-03 -3.060997650027275085e-02 9.747975505888462067e-03 2.939149780273437500e+02
-3.961759209632873535e-01 -8.634108118712902069e-03 -3.012257814407348633e-02 1.040175929665565491e-02 2.949144897460937500e+02
-4.267254471778869629e-01 -9.546522982418537140e-03 -2.960249036550521851e-02 1.107225567102432251e-02 2.959140319824218750e+02
-4.568007290363311768e-01 -1.050353609025478363e-02 -2.904887683689594269e-02 1.170362904667854309e-02 2.969135742187500000e+02
-4.863704741001129150e-01 -1.139392051845788956e-02 -2.846369519829750061e-02 1.234951987862586975e-02 2.979131469726562500e+02
-5.153998136520385742e-01 -1.232484355568885803e-02 -2.784621901810169220e-02 1.295654475688934326e-02 2.989127197265625000e+02
-5.438584089279174805e-01 -1.319216005504131317e-02 -2.719839103519916534e-02 1.357448566704988480e-02 2.999123229980468750e+02
-5.717127919197082520e-01 -1.409692596644163132e-02 -2.651966735720634460e-02 1.415226049721240997e-02 3.009119262695312500e+02
-5.989339351654052734e-01 -1.494808495044708252e-02 -2.581205405294895172e-02 1.473075803369283676e-02 3.019115600585937500e+02
-6.254903078079223633e-01 -1.578794792294502258e-02 -2.507551573216915131e-02 1.529431249946355820e-02 3.029111938476562500e+02
-6.513523459434509277e-01 -1.662912964820861816e-02 -2.431079931557178497e-02 1.583187468349933624e-02 3.039108581542968750e+02
-6.764919757843017578e-01 -1.744779013097286224e-02 -2.351920492947101593e-02 1.635108515620231628e-02 3.049105529785156250e+02
-7.008811831474304199e-01 -1.824080199003219604e-02 -2.270165085792541504e-02 1.685376279056072235e-02 3.059102478027343750e+02
-7.244926691055297852e-01 -1.900212094187736511e-02 -2.185896225273609161e-02 1.734521798789501190e-02 3.069099731445312500e+02
-7.472997903823852539e-01 -1.976019516587257385e-02 -2.099170163273811340e-02 1.780978031456470490e-02 3.079096984863281250e+02
-7.692777514457702637e-01 -2.048117294907569885e-02 -2.010121196508407593e-02 1.826303265988826752e-02 3.089094543457031250e+02
-7.904014587402343750e-01 -2.119847573339939117e-02 -1.918805949389934540e-02 1.868716254830360413e-02 3.099092407226562500e+02
-8.106480836868286133e-01 -2.188624255359172821e-02 -1.825370080769062042e-02 1.909144222736358643e-02 3.109090270996093750e+02
-8.299949169158935547e-01 -2.253973111510276794e-02 -1.729912869632244110e-02 1.948012225329875946e-02 3.119088439941406250e+02
-8.484200239181518555e-01 -2.318011410534381866e-02 -1.632512174546718597e-02 1.984182372689247131e-02 3.129086608886718750e+02
-8.659032583236694336e-01 -2.378549799323081970e-02 -1.533303037285804749e-02 2.018619328737258911e-02 3.139085083007812500e+02
-8.824248313903808594e-01 -2.437637001276016235e-02 -1.432372070848941803e-02 2.050192095339298248e-02 3.149083862304687500e+02
-8.979667425155639648e-01 -2.493312768638134003e-02 -1.329862512648105621e-02 2.079682238399982452e-02 3.159082641601562500e+02
-9.125115275382995605e-01 -2.546212822198867798e-02 -1.225878391414880753e-02 2.106813713908195496e-02 3.169081726074218750e+02
-9.260430335998535156e-01 -2.595458179712295532e-02 -1.120537705719470978e-02 2.132119797170162201e-02 3.179080810546875000e+02
-9.385458230972290039e-01 -2.642398327589035034e-02 -1.013931725174188614e-02 2.154970914125442505e-02 3.189079895019531250e+02
-9.500061273574829102e-01 -2.687143348157405853e-02 -9.061831980943679810e-03 2.175045572221279144e-02 3.199079284667968750e+02
-9.604113698005676270e-01 -2.728279121220111847e-02 -7.974308915436267853e-03 2.192960307002067566e-02 3.209078674316406250e+02
-9.697496891021728516e-01 -2.766879089176654816e-02 -6.877828855067491531e-03 2.208152599632740021e-02 3.219078369140625000e+02
-9.780108928680419922e-01 -2.802039124071598053e-02 -5.773752462118864059e-03 2.220984734594821930e-02 3.229078063964843750e+02
-9.851856231689453125e-01 -2.833815291523933411e-02 -4.663260187953710556e-03 2.231499366462230682e-02 3.239077758789062500e+02
-9.912657737731933594e-01 -2.862983942031860352e-02 -3.547510597854852676e-03 2.239229716360569000e-02 3.249077453613281250e+02
-9.962447881698608398e-01 -2.888315357267856598e-02 -2.427895553410053253e-03 2.244764566421508789e-02 3.259077453613281250e+02
-1.000116825103759766e+00 -2.911007404327392578e-02 -1.305513200350105762e-03 2.247498743236064911e-02 3.269077453613281250e+02
-1.002877831459045410e+00 -2.930065058171749115e-02 -1.817637821659445763e-04 2.247857302427291870e-02 3.279077453613281250e+02
-1.004524588584899902e+00 -2.945718169212341309e-02 9.421649156138300896e-04 2.245804108679294586e-02 3.289077453613281250e+02
-1.005055308341979980e+00 -2.958266623318195343e-02 2.065066946670413017e-03 2.241180837154388428e-02 3.299077453613281250e+02
-1.004469394683837891e+00 -2.967442572116851807e-02 3.185657318681478500e-03 2.234098501503467560e-02 3.309077453613281250e+02
-1.002767443656921387e+00 -2.973185293376445770e-02 4.302706569433212280e-03 2.224629186093807220e-02 3.319077453613281250e+02
-9.999513030052185059e-01 -2.976249158382415771e-02 5.415021441876888275e-03 2.212310023605823517e-02 3.329077453613281250e+02
-9.960244297981262207e-01 -2.975077554583549500e-02 6.521176546812057495e-03 2.197955735027790070e-02 3.339077453613281250e+02
-9.909908175468444824e-01 -2.971314825117588043e-02 7.620154414325952530e-03 2.180803194642066956e-02 3.349077453613281250e+02
-9.848563671112060547e-01 -2.963414601981639862e-02 8.710555732250213623e-03 2.161655388772487640e-02 3.359077148437500000e+02
-9.776275753974914551e-01 -2.953565679490566254e-02 9.791383519768714905e-03 2.139353379607200623e-02 3.369076843261718750e+02
-9.693130850791931152e-01 -2.938833832740783691e-02 1.086106058210134506e-02 2.115392498672008514e-02 3.379076538085937500e+02
-9.599215984344482422e-01 -2.921765670180320740e-02 1.191875711083412170e-02 2.088669873774051666e-02 3.389076232910156250e+02
-9.494639039039611816e-01 -2.900415100157260895e-02 1.296309195458889008e-02 2.060218155384063721e-02 3.399075622558593750e+02
-9.379512667655944824e-01 -2.877804450690746307e-02 1.399320084601640701e-02 2.028419449925422668e-02 3.409075012207031250e+02
-9.253972768783569336e-01 -2.850238978862762451e-02 1.500741019845008850e-02 1.995062641799449921e-02 3.419074096679687500e+02
-9.118154048919677734e-01 -2.819441631436347961e-02 1.600494235754013062e-02 1.959681510925292969e-02 3.429073181152343750e+02
-8.972206711769104004e-01 -2.786646783351898193e-02 1.698478311300277710e-02 1.921548880636692047e-02 3.439072265625000000e+02
-8.816298246383666992e-01 -2.749497443437576294e-02 1.794555783271789551e-02 1.881904900074005127e-02 3.449071044921875000e+02
-8.650597333908081055e-01 -2.709733881056308746e-02 1.888651028275489807e-02 1.840133406221866608e-02 3.459069824218750000e+02
-8.475289940834045410e-01 -2.667924575507640839e-02 1.980657689273357391e-02 1.795782521367073059e-02 3.469068298339843750e+02
-8.290573954582214355e-01 -2.622737921774387360e-02 2.070446871221065521e-02 1.749441400170326233e-02 3.479066467285156250e+02
-8.096655011177062988e-01 -2.574584819376468658e-02 2.157918922603130341e-02 1.701016165316104889e-02 3.489064636230468750e+02
-7.893750071525573730e-01 -2.521976083517074585e-02 2.242969721555709839e-02 1.651616767048835754e-02 3.499062500000000000e+02
-7.682078480720520020e-01 -2.467296086251735687e-02 2.325550466775894165e-02 1.600384339690208435e-02 3.509060363769531250e+02
-7.461877465248107910e-01 -2.411302551627159119e-02 2.405569702386856079e-02 1.546695828437805176e-02 3.519057922363281250e+02
-7.233396768569946289e-01 -2.352505549788475037e-02 2.482904493808746338e-02 1.491106208413839340e-02 3.529055175781250000e+02
-6.996890902519226074e-01 -2.290551736950874329e-02 2.557459846138954163e-02 1.433945260941982269e-02 3.539052429199218750e+02
-6.752621531486511230e-01 -2.225715480744838715e-02 2.629157155752182007e-02 1.375304348766803741e-02 3.549049377441406250e+02
-6.500861048698425293e-01 -2.157222665846347809e-02 2.697922289371490479e-02 1.315976120531558990e-02 3.559046325683593750e+02
-6.241883635520935059e-01 -2.087046764791011810e-02 2.763721160590648651e-02 1.255284994840621948e-02 3.569042968750000000e+02
-5.975977778434753418e-01 -2.016637474298477173e-02 2.826485410332679749e-02 1.192181184887886047e-02 3.579039306640625000e+02
-5.703446269035339355e-01 -1.943440735340118408e-02 2.886094525456428528e-02 1.127707958221435547e-02 3.589035644531250000e+02
-5.424590110778808594e-01 -1.867519691586494446e-02 2.942479960620403290e-02 1.062080450356006622e-02 3.599031677246093750e+02
-5.139718055725097656e-01 -1.788214035332202911e-02 2.995583973824977875e-02 9.960824623703956604e-03 3.609027709960937500e+02
-4.849141538143157959e-01 -1.707590557634830475e-02 3.045388124883174896e-02 9.290112182497978210e-03 3.619023437500000000e+02
-4.553183913230895996e-01 -1.628220453858375549e-02 3.091838769614696503e-02 8.590297773480415344e-03 3.629019165039062500e+02
-4.252186417579650879e-01 -1.541450433433055878e-02 3.134790435433387756e-02 7.909341715276241302e-03 3.639014587402343750e+02
-3.946462273597717285e-01 -1.457633078098297119e-02 3.174336999654769897e-02 7.199840620160102844e-03 3.649010009765625000e+02
-3.636366426944732666e-01 -1.371398940682411194e-02 3.210336342453956604e-02 6.482325494289398193e-03 3.659005126953125000e+02
-3.322241306304931641e-01 -1.281792949885129929e-02 3.242747858166694641e-02 5.767126567661762238e-03 3.669000244140625000e+02
-3.004429042339324951e-01 -1.192774809896945953e-02 3.271583467721939087e-02 5.035868845880031586e-03 3.678995056152343750e+02
-2.683289647102355957e-01 -1.101826224476099014e-02 3.296762704849243164e-02 4.299357533454895020e-03 3.688989868164062500e+02
-2.359179258346557617e-01 -1.006407011300325394e-02 3.318259492516517639e-02 3.578800242394208908e-03 3.698984680175781250e+02
-2.032443434000015259e-01 -9.146313183009624481e-03 3.336153551936149597e-02 2.833987586200237274e-03 3.708979492187500000e+02
-1.703460514545440674e-01 -8.184449747204780579e-03 3.350323438644409180e-02 2.104077022522687912e-03 3.718973999023437500e+02
-1.372580677270889282e-01 -7.271110080182552338e-03 3.360843658447265625e-02 1.340217771939933300e-03 3.728968505859375000e+02
-1.040192991495132446e-01 -6.297970190644264221e-03 3.367544710636138916e-02 5.947288009338080883e-04 3.738963012695312500e+02
-7.066492736339569092e-02 -5.307790357619524002e-03 3.370518237352371216e-02 -1.407382078468799591e-04 3.748957519531250000e+02
-3.723136335611343384e-02 -4.355665761977434158e-03 3.369814530014991760e-02 -8.972344803623855114e-04 3.758952026367187500e+02
-3.757253289222717285e-03 -3.372258972376585007e-03 3.365328535437583923e-02 -1.642855699174106121e-03 3.768946533203125000e+02
2.972116693854331970e-02 -2.373686525970697403e-03 3.357114270329475403e-02 -2.377120777964591980e-03 3.778941040039062500e+02
6.316738575696945190e-02 -1.413619611412286758e-03 3.345228731632232666e-02 -3.130118828266859055e-03 3.788935546875000000e+02
9.654279053211212158e-02 -4.241411807015538216e-04 3.329578042030334473e-02 -3.870292566716670990e-03 3.798930053710937500e+02
1.298112273216247559e-01 5.809868453070521355e-04 3.310226649045944214e-02 -4.595329985022544861e-03 3.808924560546875000e+02
1.629364788532257080e-01 1.544790226034820080e-03 3.287250176072120667e-02 -5.336245987564325333e-03 3.818919067382812500e+02
1.958802640438079834e-01 2.534883329644799232e-03 3.260568901896476746e-02 -6.061466876417398453e-03 3.828913574218750000e+02
2.286068499088287354e-01 3.537032753229141235e-03 3.230261430144309998e-02 -6.768855266273021698e-03 3.838908081054687500e+02
2.610806226730346680e-01 4.494838882237672806e-03 3.196417167782783508e-02 -7.489044684916734695e-03 3.848902893066406250e+02
2.932639718055725098e-01 5.488853901624679565e-03 3.158972039818763733e-02 -8.181061595678329468e-03 3.858897705078125000e+02
3.251227438449859619e-01 6.463068537414073944e-03 3.118066675961017609e-02 -8.865444920957088470e-03 3.868892517089843750e+02
3.566213548183441162e-01 7.396532222628593445e-03 3.073739446699619293e-02 -9.559568949043750763e-03 3.878887634277343750e+02
3.877235651016235352e-01 8.374598808586597443e-03 3.025941550731658936e-02 -1.021709386259317398e-02 3.888882751464843750e+02
4.183968901634216309e-01 9.287682361900806427e-03 2.974856086075305939e-02 -1.089135836809873581e-02 3.898878173828125000e+02
4.486052393913269043e-01 1.024642307311296463e-02 2.920399233698844910e-02 -1.152685657143592834e-02 3.908873596191406250e+02
4.783171713352203369e-01 1.113909017294645309e-02 2.862764894962310791e-02 -1.217743195593357086e-02 3.918869323730468750e+02
5.074976086616516113e-01 1.207442488521337509e-02 2.801877819001674652e-02 -1.278863381594419479e-02 3.928865051269531250e+02
5.361161828041076660e-01 1.294713560491800308e-02 2.737934701144695282e-02 -1.341032795608043671e-02 3.938861083984375000e+02
5.641392469406127930e-01 1.385489199310541153e-02 2.670883014798164368e-02 -1.399342622607946396e-02 3.948857116699218750e+02
5.915374159812927246e-01 1.471111550927162170e-02 2.600915916264057159e-02 -1.457681506872177124e-02 3.958853454589843750e+02
6.182789802551269531e-01 1.555797830224037170e-02 2.528031915426254272e-02 -1.514423917979001999e-02 3.968849792480468750e+02
6.443342566490173340e-01 1.640530675649642944e-02 2.452310733497142792e-02 -1.568576879799365997e-02 3.978846435546875000e+02
6.696749329566955566e-01 1.722951233386993408e-02 2.373881824314594269e-02 -1.620911993086338043e-02 3.988843078613281250e+02
6.942727565765380859e-01 1.801734417676925659e-02 2.292836271226406097e-02 -1.672348193824291229e-02 3.998840026855468750e+02
7.180997133255004883e-01 1.880085840821266174e-02 2.209218777716159821e-02 -1.721261814236640930e-02 4.008837280273437500e+02
7.411299347877502441e-01 1.956238411366939545e-02 2.123155631124973297e-02 -1.768153533339500427e-02 4.018834533691406250e+02
7.633377909660339355e-01 2.028699591755867004e-02 2.034747973084449768e-02 -1.813959702849388123e-02 4.028832092285156250e+02
7.846980094909667969e-01 2.100584656000137329e-02 1.944050006568431854e-02 -1.857070066034793854e-02 4.038829956054687500e+02
8.051874041557312012e-01 2.169914916157722473e-02 1.851196587085723877e-02 -1.898111775517463684e-02 4.048827819824218750e+02
8.247830867767333984e-01 2.235792018473148346e-02 1.756291091442108154e-02 -1.937677338719367981e-02 4.058825988769531250e+02
8.434628248214721680e-01 2.300642244517803192e-02 1.659407280385494232e-02 -1.974445767700672150e-02 4.068824157714843750e+02
8.612062931060791016e-01 2.361972630023956299e-02 1.560685038566589355e-02 -2.009489014744758606e-02 4.078822631835937500e+02
8.779933452606201172e-01 2.421681769192218781e-02 1.460210606455802917e-02 -2.041790075600147247e-02 4.088821105957031250e+02
8.938056230545043945e-01 2.477767132222652435e-02 1.358121074736118317e-02 -2.072246372699737549e-02 4.098819885253906250e+02
9.086251854896545410e-01 2.532515861093997955e-02 1.254508737474679947e-02 -2.099551446735858917e-02 4.108818664550781250e+02
9.224361181259155273e-01 2.581931464374065399e-02 1.149531174451112747e-02 -2.125796861946582794e-02 4.118817749023437500e+02
9.352220296859741211e-01 2.630492672324180603e-02 1.043241284787654877e-02 -2.148839831352233887e-02 4.128816833496093750e+02
9.469694495201110840e-01 2.675810456275939941e-02 9.357992559671401978e-03 -2.169491909444332123e-02 4.138816223144531250e+02
9.576651453971862793e-01 2.717350795865058899e-02 8.273246698081493378e-03 -2.188152819871902466e-02 4.148815612792968750e+02
9.672968983650207520e-01 2.756378427147865295e-02 7.179170381277799606e-03 -2.204225771129131317e-02 4.158815307617187500e+02
9.758541584014892578e-01 2.792887762188911438e-02 6.077057681977748871e-03 -2.217478491365909576e-02 4.168815002441406250e+02
9.833276271820068359e-01 2.825123816728591919e-02 4.968318156898021698e-03 -2.228836528956890106e-02 4.178814697265625000e+02
9.897084832191467285e-01 2.855056151747703552e-02 3.853899892419576645e-03 -2.237366139888763428e-02 4.188814392089843750e+02
9.949898719787597656e-01 2.881454303860664368e-02 2.735216636210680008e-03 -2.243562787771224976e-02 4.198814392089843750e+02
9.991658329963684082e-01 2.905076369643211365e-02 1.613435219042003155e-03 -2.247005887329578400e-02 4.208814392089843750e+02
1.002231836318969727e+00 2.924865856766700745e-02 4.899322520941495895e-04 -2.248215675354003906e-02 4.218814392089843750e+02
1.004184246063232422e+00 2.941784821450710297e-02 -6.341756088659167290e-04 -2.246738970279693604e-02 4.228814392089843750e+02
1.005020976066589355e+00 2.955332584679126740e-02 -1.757545163854956627e-03 -2.242750674486160278e-02 4.238814392089843750e+02
1.004741072654724121e+00 2.965443395078182220e-02 -2.878920640796422958e-03 -2.236307971179485321e-02 4.248814392089843750e+02
1.003344893455505371e+00 2.972375974059104919e-02 -3.997074440121650696e-03 -2.227275632321834564e-02 4.258814392089843750e+02
1.000833988189697266e+00 2.975473739206790924e-02 -5.110712256282567978e-03 -2.216051705181598663e-02 4.268814392089843750e+02
9.972110390663146973e-01 2.975804917514324188e-02 -6.218737922608852386e-03 -2.202122472226619720e-02 4.278814392089843750e+02
9.924802184104919434e-01 2.972831763327121735e-02 -7.319799158722162247e-03 -2.185655385255813599e-02 4.288814392089843750e+02
9.866468310356140137e-01 2.965817414224147797e-02 -8.412626571953296661e-03 -2.167156152427196503e-02 4.298814086914062500e+02
9.797171354293823242e-01 2.956947125494480133e-02 -9.496204555034637451e-03 -2.145430073142051697e-02 4.308813781738281250e+02
9.716994762420654297e-01 2.942789904773235321e-02 -1.056891959160566330e-02 -2.122274413704872131e-02 4.318813476562500000e+02
9.626020789146423340e-01 2.926752902567386627e-02 -1.163005642592906952e-02 -2.096161805093288422e-02 4.328813171386718750e+02
9.524355530738830566e-01 2.906820178031921387e-02 -1.267813704907894135e-02 -2.067988738417625427e-02 4.338812561035156250e+02
9.412110447883605957e-01 2.883667126297950745e-02 -1.371213141828775406e-02 -2.037581615149974823e-02 4.348811950683593750e+02
9.289410114288330078e-01 2.857944183051586151e-02 -1.473092194646596909e-02 -2.004549466073513031e-02 4.358811340332031250e+02
9.156394600868225098e-01 2.827537059783935547e-02 -1.573319733142852783e-02 -1.970152556896209717e-02 4.368810424804687500e+02
9.013205170631408691e-01 2.796684950590133667e-02 -1.671827398240566254e-02 -1.932143419981002808e-02 4.378809509277343750e+02
8.860011696815490723e-01 2.760379947721958160e-02 -1.768434606492519379e-02 -1.892937161028385162e-02 4.388808288574218750e+02
8.696976900100708008e-01 2.721212618052959442e-02 -1.863081380724906921e-02 -1.851709187030792236e-02 4.398807067871093750e+02
8.524283170700073242e-01 2.680077776312828064e-02 -1.955666765570640564e-02 -1.807877793908119202e-02 4.408805541992187500e+02
8.342126607894897461e-01 2.635542303323745728e-02 -2.046060562133789062e-02 -1.762075349688529968e-02 4.418804016113281250e+02
8.150709867477416992e-01 2.587045356631278992e-02 -2.134164422750473022e-02 -1.714906841516494751e-02 4.428802185058593750e+02
7.950242161750793457e-01 2.536841668188571930e-02 -2.219909802079200745e-02 -1.665341109037399292e-02 4.438800048828125000e+02
7.740950584411621094e-01 2.483651228249073029e-02 -2.303176932036876678e-02 -1.613906770944595337e-02 4.448797912597656250e+02
7.523068189620971680e-01 2.425571717321872711e-02 -2.383872307837009430e-02 -1.562085933983325958e-02 4.458795471191406250e+02
7.296828031539916992e-01 2.369155548512935638e-02 -2.461976557970046997e-02 -1.506389118731021881e-02 4.468793029785156250e+02
7.062497138977050781e-01 2.306780777871608734e-02 -2.537295967340469360e-02 -1.450444199144840240e-02 4.478790283203125000e+02
6.820324659347534180e-01 2.244755253195762634e-02 -2.609818242490291595e-02 -1.391261257231235504e-02 4.488787231445312500e+02
6.570592522621154785e-01 2.176464349031448364e-02 -2.679381333291530609e-02 -1.332317106425762177e-02 4.498784179687500000e+02
6.313564777374267578e-01 2.106627449393272400e-02 -2.745997160673141479e-02 -1.271991245448589325e-02 4.508780822753906250e+02
6.049528717994689941e-01 2.036531828343868256e-02 -2.809596806764602661e-02 -1.209306437522172928e-02 4.518777465820312500e+02
5.778784751892089844e-01 1.962475106120109558e-02 -2.870062179863452911e-02 -1.146142091602087021e-02 4.528773803710937500e+02
5.501626133918762207e-01 1.888166926801204681e-02 -2.927369251847267151e-02 -1.080747041851282120e-02 4.538769836425781250e+02
5.218367576599121094e-01 1.812551356852054596e-02 -2.981406636536121368e-02 -1.013172697275876999e-02 4.548765869140625000e+02
4.929329752922058105e-01 1.729486696422100067e-02 -3.032065182924270630e-02 -9.473570622503757477e-03 4.558761596679687500e+02
4.634813070297241211e-01 1.650433614850044250e-02 -3.079432994127273560e-02 -8.777455426752567291e-03 4.568757324218750000e+02
4.335166811943054199e-01 1.564083434641361237e-02 -3.123320266604423523e-02 -8.099903352558612823e-03 4.578752746582031250e+02
4.030702114105224609e-01 1.480550877749919891e-02 -3.163819760084152222e-02 -7.394823245704174042e-03 4.588748168945312500e+02
3.721771836280822754e-01 1.395076792687177658e-02 -3.200794011354446411e-02 -6.679133046418428421e-03 4.598743286132812500e+02
3.408719003200531006e-01 1.305989362299442291e-02 -3.234189748764038086e-02 -5.966101773083209991e-03 4.608738403320312500e+02
3.091883063316345215e-01 1.217411831021308899e-02 -3.264020383358001709e-02 -5.236945580691099167e-03 4.618733520507812500e+02
2.771622836589813232e-01 1.124239899218082428e-02 -3.290205076336860657e-02 -4.520921502262353897e-03 4.628728332519531250e+02
2.448279857635498047e-01 1.035666838288307190e-02 -3.312809765338897705e-02 -3.769555361941456795e-03 4.638723144531250000e+02
2.122235000133514404e-01 9.411200881004333496e-03 -3.331657499074935913e-02 -3.033522516489028931e-03 4.648717956542968750e+02
1.793833822011947632e-01 8.446502499282360077e-03 -3.346825018525123596e-02 -2.305021043866872787e-03 4.658712463378906250e+02
1.463434696197509766e-01 7.532607764005661011e-03 -3.358349949121475220e-02 -1.542173326015472412e-03 4.668706970214843750e+02
1.131426990032196045e-01 6.559066008776426315e-03 -3.366060927510261536e-02 -7.980718510225415230e-04 4.678701477050781250e+02
7.981620728969573975e-02 5.569953471422195435e-03 -3.370051458477973938e-02 -6.352935452014207840e-05 4.688695983886718750e+02
4.640040919184684753e-02 4.618649836629629135e-03 -3.370369225740432739e-02 6.918332655914127827e-04 4.698690490722656250e+02
1.293389871716499329e-02 3.638071473687887192e-03 -3.366909921169281006e-02 1.437566941604018211e-03 4.708684997558593750e+02
-2.054703980684280396e-02 2.641421277076005936e-03 -3.359721973538398743e-02 2.172080334275960922e-03 4.718679504394531250e+02
-5.400593951344490051e-02 1.683220267295837402e-03 -3.348861634731292725e-02 2.925872337073087692e-03 4.728674011230468750e+02
-8.740418404340744019e-02 6.947487127035856247e-04 -3.334232419729232788e-02 3.666989505290985107e-03 4.738668518066406250e+02
-1.207056194543838501e-01 -3.086752258241176605e-04 -3.315897285938262939e-02 4.394045099616050720e-03 4.748663024902343750e+02
-1.538739502429962158e-01 -1.272852648980915546e-03 -3.293927013874053955e-02 5.136642139405012131e-03 4.758657531738281250e+02
-1.868708729743957520e-01 -2.263778354972600937e-03 -3.268243744969367981e-02 5.863694008439779282e-03 4.768652038574218750e+02
-2.196606248617172241e-01 -3.266962943598628044e-03 -3.238925337791442871e-02 6.573174148797988892e-03 4.778646545410156250e+02
-2.522074878215789795e-01 -4.226591438055038452e-03 -3.206059336662292480e-02 7.295339368283748627e-03 4.788641357421875000e+02
-2.844738066196441650e-01 -5.234767682850360870e-03 -3.169582784175872803e-02 7.980807684361934662e-03 4.798636169433593750e+02
-3.164259195327758789e-01 -6.174541544169187546e-03 -3.129678592085838318e-02 8.687051944434642792e-03 4.808630981445312500e+02
-3.480261862277984619e-01 -7.136734668165445328e-03 -3.086243383586406708e-02 9.374835528433322906e-03 4.818626098632812500e+02
-3.792403936386108398e-01 -8.118117228150367737e-03 -3.039369173347949982e-02 1.003432273864746094e-02 4.828621215820312500e+02
-4.100351333618164062e-01 -9.046139195561408997e-03 -2.989197522401809692e-02 1.070213597267866135e-02 4.838616333007812500e+02
-4.403747618198394775e-01 -9.945990517735481262e-03 -2.935686893761157990e-02 1.137724425643682480e-02 4.848611755371093750e+02
-4.702244997024536133e-01 -1.093721576035022736e-02 -2.878800593316555023e-02 1.198504306375980377e-02 4.858607177734375000e+02
-4.995551705360412598e-01 -1.180106308311223984e-02 -2.818875387310981750e-02 1.263333391398191452e-02 4.868602905273437500e+02
-5.283300280570983887e-01 -1.272975839674472809e-02 -2.755708806216716766e-02 1.323332358151674271e-02 4.878598632812500000e+02
-5.565198659896850586e-01 -1.360366865992546082e-02 -2.689542248845100403e-02 1.383618731051683426e-02 4.888594665527343750e+02
-5.840919613838195801e-01 -1.447034720331430435e-02 -2.620361372828483582e-02 1.442359760403633118e-02 4.898591003417968750e+02
-6.110158562660217285e-01 -1.534825935959815979e-02 -2.548243477940559387e-02 1.497913897037506104e-02 4.908587341308593750e+02
-6.372627019882202148e-01 -1.617369428277015686e-02 -2.473347820341587067e-02 1.553403865545988083e-02 4.918583984375000000e+02
-6.628021001815795898e-01 -1.698807813227176666e-02 -2.395677566528320312e-02 1.607249118387699127e-02 4.928580627441406250e+02
-6.876057386398315430e-01 -1.779225282371044159e-02 -2.315315045416355133e-02 1.659118011593818665e-02 4.938577575683593750e+02
-7.116461992263793945e-01 -1.859842613339424133e-02 -2.232359163463115692e-02 1.707740500569343567e-02 4.948574829101562500e+02
-7.348976135253906250e-01 -1.936939544975757599e-02 -2.146972157061100006e-02 1.754585094749927521e-02 4.958572082519531250e+02
-7.573339343070983887e-01 -2.007286064326763153e-02 -2.059242874383926392e-02 1.802243292331695557e-02 4.968569641113281250e+02
-7.789283394813537598e-01 -2.081447653472423553e-02 -1.969130709767341614e-02 1.845286041498184204e-02 4.978567199707031250e+02
-7.996588945388793945e-01 -2.150463312864303589e-02 -1.876866444945335388e-02 1.887475512921810150e-02 4.988565063476562500e+02
-8.195015192031860352e-01 -2.219035662710666656e-02 -1.782492734491825104e-02 1.926536485552787781e-02 4.998563232421875000e+02
