2.512560486793518066e-01
1.540638059377670288e-01
-3.261220082640647888e-02
5.668099597096443176e-02
-6.398718804121017456e-02
7.420393824577331543e-02
-4.753201827406883240e-02
5.990440398454666138e-02
-7.819152623414993286e-02
3.212951123714447021e-02
-1.071805655956268311e-01
-1.735639572143554688e-02
-6.268561631441116333e-02
-8.478109724819660187e-03
-1.057740524411201477e-01
-5.930453911423683167e-02
-3.596923127770423889e-02
-6.628656387329101562e-02
-4.880334064364433289e-02
-5.410401895642280579e-02
-5.167621374130249023e-02
-5.045569688081741333e-02
-4.760866239666938782e-02
-4.371556267142295837e-02
-3.888151422142982483e-02
-3.336461260914802551e-02
-2.747455053031444550e-02
-2.151830121874809265e-02
-1.575547456741333008e-02
-1.038494892418384552e-02
-5.542494356632232666e-03
-1.296698581427335739e-03
2.362166298553347588e-03
5.542313680052757263e-03
8.449296467006206512e-03
1.139277685433626175e-02
1.466463878750801086e-02
1.852945424616336823e-02
2.291634120047092438e-02
2.795596234500408173e-02
3.280067816376686096e-02
3.863542154431343079e-02
4.243769124150276184e-02
4.901584237813949585e-02
5.114279314875602722e-02
5.687120929360389709e-02
5.892033129930496216e-02
6.172545626759529114e-02
6.321853399276733398e-02
6.367529928684234619e-02
6.287118047475814819e-02
6.062258407473564148e-02
5.679082497954368591e-02
5.133196711540222168e-02
4.436540231108665466e-02
3.623338788747787476e-02
2.748334221541881561e-02
1.873349957168102264e-02
1.047261059284210205e-02
2.968855667859315872e-03
-3.633175743743777275e-03
-9.212258271872997284e-03
-1.367037836462259293e-02
-1.695740409195423126e-02
-1.910521648824214935e-02
-2.028541639447212219e-02
-2.085545659065246582e-02
-2.142443694174289703e-02
-2.273409441113471985e-02
-2.541539072990417480e-02
-2.949959784746170044e-02
-3.475025296211242676e-02
-4.026706144213676453e-02
-4.636240750551223755e-02
-5.138643458485603333e-02
-5.715835839509963989e-02
-6.137610971927642822e-02
-6.564500182867050171e-02
-6.894983351230621338e-02
-7.137472927570343018e-02
-7.268113642930984497e-02
-7.260768115520477295e-02
-7.085479795932769775e-02
-6.711367517709732056e-02
-6.111450120806694031e-02
-5.273145064711570740e-02
-4.212948679924011230e-02
-2.994490787386894226e-02
-1.732109859585762024e-02
-5.513799842447042465e-03
4.837587010115385056e-03
1.382664404809474945e-02
2.159040048718452454e-02
2.803419344127178192e-02
3.302974253892898560e-02
3.646278753876686096e-02
3.828049078583717346e-02
3.849017247557640076e-02
3.728934749960899353e-02
3.513380512595176697e-02
3.295020014047622681e-02
3.208687528967857361e-02
3.382690623402595520e-02
3.800725191831588745e-02
4.415770247578620911e-02
5.030094832181930542e-02
5.755636468529701233e-02
6.312555074691772461e-02
6.931104511022567749e-02
7.441084831953048706e-02
7.884944975376129150e-02
8.235300332307815552e-02
8.464412391185760498e-02
8.536754548549652100e-02
8.407560735940933228e-02
8.024143427610397339e-02
7.328755408525466919e-02
6.267971545457839966e-02
4.813790321350097656e-02
3.007771261036396027e-02
1.031445991247892380e-02
-7.763885427266359329e-03
-2.168425358831882477e-02
-3.282216563820838928e-02
-4.266680404543876648e-02
-5.098397657275199890e-02
-5.767101049423217773e-02
-6.254090368747711182e-02
-6.546778231859207153e-02
-6.630927324295043945e-02
-6.501254439353942871e-02
-6.160891056060791016e-02
-5.641015619039535522e-02
-5.019257962703704834e-02
-4.471617937088012695e-02
-4.258688539266586304e-02
-4.547435790300369263e-02
-5.113859474658966064e-02
-5.962913110852241516e-02
-6.635391712188720703e-02
-7.490370422601699829e-02
-8.202421665191650391e-02
-8.881534636020660400e-02
-9.496172517538070679e-02
-1.002028658986091614e-01
-1.041754633188247681e-01
-1.063989847898483276e-01
-1.062638312578201294e-01
-1.030218973755836487e-01
-9.577490389347076416e-02
-8.345573395490646362e-02
-6.489847600460052490e-02
-3.919385001063346863e-02
-6.889662705361843109e-03
2.693962864577770233e-02
5.012974143028259277e-02
6.167821213603019714e-02
7.467484474182128906e-02
8.426725119352340698e-02
9.303538501262664795e-02
9.897114336490631104e-02
1.033014878630638123e-01
1.046646535396575928e-01
1.039729490876197815e-01
1.000233367085456848e-01
9.388675540685653687e-02
8.441529422998428345e-02
7.385407388210296631e-02
6.196865811944007874e-02
5.610419437289237976e-02
5.545191839337348938e-02
6.689094007015228271e-02
6.933787465095520020e-02
8.581730723381042480e-02
9.481239318847656250e-02
1.050362139940261841e-01
1.153786182403564453e-01
1.254562139511108398e-01
1.348354518413543701e-01
1.429941207170486450e-01
1.493475735187530518e-01
1.532653719186782837e-01
1.540589481592178345e-01
1.509182602167129517e-01
1.428027600049972534e-01
1.283007413148880005e-01
1.054826974868774414e-01
7.186315208673477173e-02
2.491131983697414398e-02
-3.537046536803245544e-02
-9.646788984537124634e-02
-1.093713194131851196e-01
-1.261283010244369507e-01
-1.340641081333160400e-01
-1.454888880252838135e-01
-1.480523049831390381e-01
-1.537189185619354248e-01
-1.500789970159530640e-01
-1.495722830295562744e-01
-1.384242177009582520e-01
-1.318102777004241943e-01
-1.115781739354133606e-01
-1.014438197016716003e-01
-7.280047982931137085e-02
-7.796606421470642090e-02
-4.961840808391571045e-02
-1.255238950252532959e-01
-1.088657155632972717e-01
-1.113593503832817078e-01
-1.216758042573928833e-01
-1.341238468885421753e-01
-1.469220519065856934e-01
-1.590200215578079224e-01
-1.695696562528610229e-01
-1.778630316257476807e-01
-1.832889914512634277e-01
-1.852687299251556396e-01
-1.831236481666564941e-01
-1.759281009435653687e-01
-1.623436063528060913e-01
-1.404007673263549805e-01
-1.073503866791725159e-01
-5.985110625624656677e-02
4.694085102528333664e-03
8.372513204813003540e-02
1.548456996679306030e-01
1.506044864654541016e-01
1.858838498592376709e-01
1.793557405471801758e-01
2.032117992639541626e-01
1.960029900074005127e-01
2.079188823699951172e-01
1.975201219320297241e-01
1.989379972219467163e-01
1.817310303449630737e-01
1.740590780973434448e-01
1.466922312974929810e-01
1.328185945749282837e-01
9.435115754604339600e-02
9.107222408056259155e-02
6.234580650925636292e-02
1.315998733043670654e-01
1.221185401082038879e-01
1.290695369243621826e-01
1.409709304571151733e-01
1.536621451377868652e-01
1.652795523405075073e-01
1.746125072240829468e-01
1.807683557271957397e-01
1.829916387796401978e-01
1.804831922054290771e-01
1.721730530261993408e-01
1.564865261316299438e-01
1.310965269804000854e-01
9.280540794134140015e-02
3.802978247404098511e-02
-3.478292003273963928e-02
-1.186971142888069153e-01
-1.796612590551376343e-01
-1.736060827970504761e-01
-2.114444524049758911e-01
-2.118108272552490234e-01
-2.317159324884414673e-01
-2.343850433826446533e-01
-2.417344152927398682e-01
-2.413695901632308960e-01
-2.394862323999404907e-01
-2.321463376283645630e-01
-2.208445370197296143e-01
-2.039093524217605591e-01
-1.821367889642715454e-01
-1.549421697854995728e-01
-1.243095546960830688e-01
-9.398468583822250366e-02
-8.198578655719757080e-02
-9.736932814121246338e-02
-9.740848094224929810e-02
-1.103512048721313477e-01
-1.199753805994987488e-01
-1.270858347415924072e-01
-1.304964125156402588e-01
-1.288793534040451050e-01
-1.207380220293998718e-01
-1.042264923453330994e-01
-7.703179866075515747e-02
-3.658257052302360535e-02
1.845293119549751282e-02
8.285600692033767700e-02
1.303284764289855957e-01
1.401527523994445801e-01
1.704672873020172119e-01
1.813017576932907104e-01
2.016389071941375732e-01
2.112893760204315186e-01
2.233219742774963379e-01
2.296458482742309570e-01
2.346419394016265869e-01
2.356086075305938721e-01
2.335024774074554443e-01
2.272043526172637939e-01
2.166800200939178467e-01
2.013023346662521362e-01
1.810623109340667725e-01
1.559239774942398071e-01
1.268706619739532471e-01
9.697993099689483643e-02
7.844694703817367554e-02
9.069758653640747070e-02
8.655081689357757568e-02
1.035805791616439819e-01
1.108174100518226624e-01
1.155473962426185608e-01
1.161788105964660645e-01
1.111348643898963928e-01
9.863024204969406128e-02
7.656460255384445190e-02
4.273616522550582886e-02
-3.746000584214925766e-03
-5.705778673291206360e-02
-9.299542009830474854e-02
-1.066249758005142212e-01
-1.319212913513183594e-01
-1.436461955308914185e-01
-1.623165905475616455e-01
-1.704788655042648315e-01
-1.825765371322631836e-01
-1.862190216779708862e-01
-1.914064586162567139e-01
-1.893266737461090088e-01
-1.870402842760086060e-01
-1.777508109807968140e-01
-1.673096716403961182e-01
-1.494319140911102295e-01
-1.309243738651275635e-01
-1.050662994384765625e-01
-8.490025997161865234e-02
-6.857915967702865601e-02
-8.646303415298461914e-02
-7.433056086301803589e-02
-1.012544408440589905e-01
-1.072946563363075256e-01
-1.128269806504249573e-01
-1.155514568090438843e-01
-1.139478161931037903e-01
-1.064744740724563599e-01
-9.139122813940048218e-02
-6.674770265817642212e-02
-3.094969689846038818e-02
1.476173382252454758e-02
5.867815390229225159e-02
7.714326679706573486e-02
9.601330757141113281e-02
1.108432337641716003e-01
1.249562650918960571e-01
1.351286917924880981e-01
1.440162956714630127e-01
1.486987173557281494e-01
1.516852229833602905e-01
1.499787867069244385e-01
1.462937742471694946e-01
1.371749639511108398e-01
1.263272911310195923e-01
1.093183681368827820e-01
9.309618920087814331e-02
7.279857993125915527e-02
6.903864443302154541e-02
6.595873832702636719e-02
8.917898684740066528e-02
8.811189979314804077e-02
9.878290444612503052e-02
1.073714345693588257e-01
1.138514727354049683e-01
1.173348799347877502e-01
1.167345643043518066e-01
1.107581928372383118e-01
9.784686565399169922e-02
7.614032179117202759e-02
4.376802220940589905e-02
4.424576763994991779e-04
-4.672042652964591980e-02
-7.350820302963256836e-02
-8.580605685710906982e-02
-1.051208451390266418e-01
-1.144491657614707947e-01
-1.283360272645950317e-01
-1.329628527164459229e-01
-1.413891017436981201e-01
-1.400739103555679321e-01
-1.427339315414428711e-01
-1.340290457010269165e-01
-1.309588402509689331e-01
-1.130284443497657776e-01
-1.060991585254669189e-01
-7.767794281244277954e-02
-7.890737801790237427e-02
-4.494684934616088867e-02
-1.121490076184272766e-01
-6.723032146692276001e-02
-1.003591492772102356e-01
-1.061492711305618286e-01
-1.144372671842575073e-01
-1.222514212131500244e-01
-1.282861232757568359e-01
-1.314686983823776245e-01
-1.307155191898345947e-01
-1.248012259602546692e-01
-1.122224852442741394e-01
-9.109215438365936279e-02
-5.917636305093765259e-02
-1.477431785315275192e-02
3.959358483552932739e-02
8.483538776636123657e-02
9.166345000267028809e-02
1.167201474308967590e-01
1.217454373836517334e-01
1.401905864477157593e-01
1.411747634410858154e-01
1.535289287567138672e-01
1.489476114511489868e-01
1.552864909172058105e-01
1.432725638151168823e-01
1.440515816211700439e-01
1.219070181250572205e-01
1.195538565516471863e-01
8.391604572534561157e-02
8.969373255968093872e-02
4.122656211256980896e-02
1.165269091725349426e-01
6.170869618654251099e-02
1.138018295168876648e-01
1.183480322360992432e-01
1.273534893989562988e-01
1.373346894979476929e-01
1.466075032949447632e-01
1.540120542049407959e-01
1.585729867219924927e-01
1.593567430973052979e-01
1.553421467542648315e-01
1.452415138483047485e-01
1.272797733545303345e-01
9.900982677936553955e-02
5.740622431039810181e-02
9.633023000787943602e-05
-6.937558203935623169e-02
-1.215700060129165649e-01
-1.135558858513832092e-01
-1.521850824356079102e-01
-1.427547186613082886e-01
-1.718219518661499023e-01
-1.598900109529495239e-01
-1.797768324613571167e-01
-1.631996482610702515e-01
-1.750193238258361816e-01
-1.502636671066284180e-01
-1.563256680965423584e-01
-1.183701530098915100e-01
-1.240429431200027466e-01
-6.824266165494918823e-02
-9.394466876983642578e-02
-2.885679900646209717e-02
-1.587731093168258667e-01
-1.456986963748931885e-01
-1.435925811529159546e-01
-1.490391492843627930e-01
-1.578709930181503296e-01
-1.673550307750701904e-01
-1.757767200469970703e-01
-1.819529831409454346e-01
-1.849737763404846191e-01
-1.839881986379623413e-01
-1.780121177434921265e-01
-1.656841039657592773e-01
-1.450378447771072388e-01
-1.132913827896118164e-01
-6.697060167789459229e-02
-3.204688662663102150e-03
7.539423555135726929e-02
1.419575363397598267e-01
1.280851066112518311e-01
1.731182038784027100e-01
1.585364192724227905e-01
1.911484599113464355e-01
1.762066334486007690e-01
1.964804828166961670e-01
1.782480329275131226e-01
1.882090568542480469e-01
1.622487753629684448e-01
1.648875921964645386e-01
1.258582025766372681e-01
1.270699501037597656e-01
7.133977115154266357e-02
9.575830399990081787e-02
3.710618242621421814e-02
1.659370660781860352e-01
1.645901799201965332e-01
1.710528582334518433e-01
1.819923967123031616e-01
1.945257931947708130e-01
2.066685706377029419e-01
2.171550989151000977e-01
