0.000000000000000000e+00 0.000000000000000000e+00 1.000000014901161194e-01 0.000000000000000000e+00 0.000000000000000000e+00
9.983342140913009644e-02 1.887849569320678711e-01 1.000000014901161194e-01 1.333976238965988159e-01 9.950041770935058594e-01
2.090589404106140137e-01 2.554024457931518555e-01 1.066698804497718811e-01 2.752583920955657959e-01 1.989066123962402344e+00
3.282241821289062500e-01 -1.702734231948852539e-01 1.204328015446662903e-01 1.353434622287750244e-01 2.982022762298583984e+00
4.399140477180480957e-01 -8.170225471258163452e-02 1.271999776363372803e-01 2.037603855133056641e-01 3.975802421569824219e+00
5.627191662788391113e-01 -4.098598957061767578e-01 1.373879909515380859e-01 2.440457046031951904e-02 4.968241691589355469e+00
6.793754696846008301e-01 -1.698360145092010498e-01 1.386082172393798828e-01 1.026846021413803101e-01 5.961625576019287109e+00
8.091299533843994141e-01 -3.679413199424743652e-01 1.437424421310424805e-01 -4.378718137741088867e-02 6.953207969665527344e+00
9.341706037521362305e-01 -8.555147051811218262e-02 1.415530890226364136e-01 4.741361737251281738e-02 7.945530414581298828e+00
1.071016669273376465e+00 -2.944234609603881836e-01 1.439237743616104126e-01 -1.059084683656692505e-01 8.936132431030273438e+00
1.199875116348266602e+00 -4.358023405075073242e-03 1.386283487081527710e-01 -1.354371756315231323e-02 9.927905082702636719e+00
1.337844014167785645e+00 -1.918791383504867554e-01 1.379511654376983643e-01 -1.518189013004302979e-01 1.091834163665771484e+01
1.465855240821838379e+00 -3.986680507659912109e-02 1.303602159023284912e-01 -1.463052481412887573e-01 1.191016101837158203e+01
1.593870162963867188e+00 -7.966300845146179199e-02 1.230449527502059937e-01 -2.352656424045562744e-01 1.290193557739257812e+01
1.712651848793029785e+00 1.509694159030914307e-01 1.112816706299781799e-01 -1.748716384172439575e-01 1.389486408233642578e+01
1.831205725669860840e+00 6.558208912611007690e-02 1.025380864739418030e-01 -2.608014047145843506e-01 1.488784027099609375e+01
1.936826109886169434e+00 1.082352250814437866e-01 8.949801325798034668e-02 -3.092657625675201416e-01 1.588225173950195312e+01
2.031594753265380859e+00 2.459909021854400635e-01 7.403472810983657837e-02 -3.018053472042083740e-01 1.687776565551757812e+01
2.117827653884887695e+00 2.792134284973144531e-01 5.894446000456809998e-02 -3.393498957157135010e-01 1.787411689758300781e+01
2.190674304962158203e+00 3.703174591064453125e-01 4.197696596384048462e-02 -3.484138548374176025e-01 1.887155723571777344e+01
2.251138448715209961e+00 4.436044096946716309e-01 2.455627359449863434e-02 -3.612846136093139648e-01 1.986989974975585938e+01
2.297865867614746094e+00 5.214868187904357910e-01 6.492042914032936096e-03 -3.682720065116882324e-01 2.086905288696289062e+01
2.330431699752807617e+00 5.965576171875000000e-01 -1.192155852913856506e-02 -3.722618818283081055e-01 2.186886215209960938e+01
2.348336219787597656e+00 6.694849729537963867e-01 -3.053465299308300018e-02 -3.725309967994689941e-01 2.286914634704589844e+01
2.351264953613281250e+00 7.389058470726013184e-01 -4.916120320558547974e-02 -3.689686655998229980e-01 2.386970138549804688e+01
2.339024305343627930e+00 8.032075166702270508e-01 -6.760963797569274902e-02 -3.613877594470977783e-01 2.487030792236328125e+01
2.311534881591796875e+00 8.603529930114746094e-01 -8.567902445793151855e-02 -3.496343791484832764e-01 2.587073707580566406e+01
2.268820524215698242e+00 9.079229235649108887e-01 -1.031607463955879211e-01 -3.336294889450073242e-01 2.687075042724609375e+01
2.210997343063354492e+00 9.432309269905090332e-01 -1.198422238230705261e-01 -3.133932054042816162e-01 2.787010955810546875e+01
2.138265132904052734e+00 9.635245800018310547e-01 -1.355118900537490845e-01 -2.890390455722808838e-01 2.886857604980468750e+01
2.050902128219604492e+00 9.662232398986816406e-01 -1.499638408422470093e-01 -2.607603967189788818e-01 2.986591720581054688e+01
1.949268698692321777e+00 9.491852521896362305e-01 -1.630018651485443115e-01 -2.288227081298828125e-01 3.086191177368164062e+01
1.833817839622497559e+00 9.110227823257446289e-01 -1.744430065155029297e-01 -1.935668289661407471e-01 3.185635757446289062e+01
1.705118060111999512e+00 8.514980673789978027e-01 -1.841213405132293701e-01 -1.554199159145355225e-01 3.284908676147460938e+01
1.563890576362609863e+00 7.720221877098083496e-01 -1.918923407793045044e-01 -1.148946732282638550e-01 3.383997726440429688e+01
1.411066293716430664e+00 6.761193871498107910e-01 -1.976370811462402344e-01 -7.259351015090942383e-02 3.482898330688476562e+01
1.247861266136169434e+00 5.697107315063476562e-01 -2.012667506933212280e-01 -2.912022173404693604e-02 3.581615447998046875e+01
1.075861096382141113e+00 4.603197574615478516e-01 -2.027227580547332764e-01 1.488341763615608215e-02 3.680166244506835938e+01
8.970686793327331543e-01 3.555467128753662109e-01 -2.019785940647125244e-01 5.895365774631500244e-02 3.778582000732421875e+01
7.138765454292297363e-01 2.597793042659759521e-01 -1.990309059619903564e-01 1.022791415452957153e-01 3.876905822753906250e+01
5.288896560668945312e-01 1.749989986419677734e-01 -1.939169466495513916e-01 1.448450982570648193e-01 3.975188446044921875e+01
3.447717130184173584e-01 9.680436551570892334e-02 -1.866746842861175537e-01 1.847133785486221313e-01 4.073482894897460938e+01
1.639354526996612549e-01 2.679073065519332886e-02 -1.774390190839767456e-01 2.240228950977325439e-01 4.171835327148437500e+01
-1.125542819499969482e-02 -4.692692309617996216e-02 -1.662378758192062378e-01 2.575587928295135498e-01 4.270288848876953125e+01
-1.790426969528198242e-01 -1.135011017322540283e-01 -1.533599346876144409e-01 2.919276654720306396e-01 4.368871307373046875e+01
-3.374106287956237793e-01 -1.906698346138000488e-01 -1.387635469436645508e-01 3.188173770904541016e-01 4.467610931396484375e+01
-4.851711392402648926e-01 -2.643144726753234863e-01 -1.228226795792579651e-01 3.453628122806549072e-01 4.566518020629882812e+01
-6.208014488220214844e-01 -3.453871905803680420e-01 -1.055545359849929810e-01 3.667799830436706543e-01 4.665602874755859375e+01
-7.433333396911621094e-01 -4.291294217109680176e-01 -8.721553534269332886e-02 3.851337730884552002e-01 4.764864349365234375e+01
-8.518132567405700684e-01 -5.165471434593200684e-01 -6.795884668827056885e-02 3.999871015548706055e-01 4.864297485351562500e+01
-9.454875588417053223e-01 -6.069786548614501953e-01 -4.795949161052703857e-02 4.114691913127899170e-01 4.963891220092773438e+01
-1.023742675781250000e+00 -6.996482610702514648e-01 -2.738603204488754272e-02 4.196658730506896973e-01 5.063630676269531250e+01
-1.086094617843627930e+00 -7.936081290245056152e-01 -6.402738392353057861e-03 4.246222078800201416e-01 5.163497543334960938e+01
-1.132176876068115234e+00 -8.877637386322021484e-01 1.482837274670600891e-02 4.263020753860473633e-01 5.263470077514648438e+01
-1.161732316017150879e+00 -9.808726310729980469e-01 3.614347428083419800e-02 4.245460629463195801e-01 5.363525009155273438e+01
-1.174608349800109863e+00 -1.071474194526672363e+00 5.737077817320823669e-02 4.190536737442016602e-01 5.463636779785156250e+01
-1.170754551887512207e+00 -1.157712459564208984e+00 7.832346111536026001e-02 4.094333052635192871e-01 5.563779449462890625e+01
-1.150219321250915527e+00 -1.237087130546569824e+00 9.879513084888458252e-02 3.953411579132080078e-01 5.663925933837890625e+01
-1.113137602806091309e+00 -1.306307435035705566e+00 1.185621917247772217e-01 3.766470551490783691e-01 5.764048385620117188e+01
-1.059709787368774414e+00 -1.361500978469848633e+00 1.373945474624633789e-01 3.534692823886871338e-01 5.864118957519531250e+01
-9.901806116104125977e-01 -1.398701906204223633e+00 1.550680100917816162e-01 3.260415792465209961e-01 5.964109039306640625e+01
-9.048292636871337891e-01 -1.414192795753479004e+00 1.713700890541076660e-01 2.946038544178009033e-01 6.063989257812500000e+01
-8.039706349372863770e-01 -1.404618740081787109e+00 1.861002743244171143e-01 2.594041526317596436e-01 6.163730239868164062e+01
-6.879609823226928711e-01 -1.367130756378173828e+00 1.990704834461212158e-01 2.207265496253967285e-01 6.263302993774414062e+01
-5.572092533111572266e-01 -1.299657344818115234e+00 2.101068049669265747e-01 1.789232194423675537e-01 6.362680053710937500e+01
-4.121987223625183105e-01 -1.201369285583496094e+00 2.190529704093933105e-01 1.344544887542724609e-01 6.461836242675781250e+01
-2.535264492034912109e-01 -1.073463082313537598e+00 2.257756888866424561e-01 8.791795372962951660e-02 6.560752105712890625e+01
-8.197498321533203125e-02 -9.202665090560913086e-01 2.301715910434722900e-01 4.008922353386878967e-02 6.659415435791015625e+01
1.013697832822799683e-01 -7.506409883499145508e-01 2.321760505437850952e-01 -8.181683719158172607e-03 6.757827758789062500e+01
2.949405312538146973e-01 -5.782684683799743652e-01 2.317669689655303955e-01 -5.612924322485923767e-02 6.856008148193359375e+01
4.964978098869323730e-01 -4.187633991241455078e-01 2.289605140686035156e-01 -1.033672541379928589e-01 6.953998565673828125e+01
7.030713558197021484e-01 -2.820425629615783691e-01 2.237921506166458130e-01 -1.493886858224868774e-01 7.051863861083984375e+01
9.112496972084045410e-01 -1.689295768737792969e-01 2.163227200508117676e-01 -1.939567178487777710e-01 7.149683380126953125e+01
1.117639541625976562e+00 -7.162905484437942505e-02 2.066248804330825806e-01 -2.356482446193695068e-01 7.247534179687500000e+01
1.319291949272155762e+00 1.508475840091705322e-02 1.948424726724624634e-01 -2.751260399818420410e-01 7.345480346679687500e+01
1.513643860816955566e+00 1.008220836520195007e-01 1.810861676931381226e-01 -3.099792003631591797e-01 7.443573760986328125e+01
1.698700666427612305e+00 1.850723475217819214e-01 1.655872017145156860e-01 -3.421017825603485107e-01 7.541847991943359375e+01
1.872659206390380859e+00 2.739076018333435059e-01 1.484821140766143799e-01 -3.696041107177734375e-01 7.640327453613281250e+01
2.034141063690185547e+00 3.663874566555023193e-01 1.300019025802612305e-01 -3.934193849563598633e-01 7.739024353027343750e+01
2.181941986083984375e+00 4.636969566345214844e-01 1.103309318423271179e-01 -4.133586585521697998e-01 7.837943267822265625e+01
2.315093040466308594e+00 5.656991004943847656e-01 8.966299891471862793e-02 -4.296140670776367188e-01 7.937079620361328125e+01
2.432807207107543945e+00 6.719462871551513672e-01 6.818229705095291138e-02 -4.423999786376953125e-01 8.036425018310546875e+01
2.534456014633178711e+00 7.817221879959106445e-01 4.606229811906814575e-02 -4.519506394863128662e-01 8.135963439941406250e+01
2.619546651840209961e+00 8.941384553909301758e-01 2.346476539969444275e-02 -4.584819972515106201e-01 8.235677337646484375e+01
2.687703847885131836e+00 1.008221268653869629e+00 5.406644195318222046e-04 -4.621382951736450195e-01 8.335544586181640625e+01
2.738655567169189453e+00 1.122987508773803711e+00 -2.256625145673751831e-02 -4.629131555557250977e-01 8.435541534423828125e+01
2.772226333618164062e+00 1.237476110458374023e+00 -4.571191221475601196e-02 -4.605506062507629395e-01 8.535643005371093750e+01
2.788339614868164062e+00 1.350669622421264648e+00 -6.873944401741027832e-02 -4.544559121131896973e-01 8.635821533203125000e+01
2.787028312683105469e+00 1.461121559143066406e+00 -9.146223962306976318e-02 -4.437509775161743164e-01 8.736048889160156250e+01
2.768444299697875977e+00 1.566146016120910645e+00 -1.136497855186462402e-01 -4.276764988899230957e-01 8.836298370361328125e+01
2.732841253280639648e+00 1.661127328872680664e+00 -1.350336074829101562e-01 -4.061888456344604492e-01 8.936540985107421875e+01
2.680517911911010742e+00 1.740334033966064453e+00 -1.553430557250976562e-01 -3.799113035202026367e-01 9.036748504638671875e+01
2.611767768859863281e+00 1.798656463623046875e+00 -1.743386238813400269e-01 -3.493959903717041016e-01 9.136890411376953125e+01
2.526880502700805664e+00 1.831888794898986816e+00 -1.918084174394607544e-01 -3.149023056030273438e-01 9.236934661865234375e+01
2.426160812377929688e+00 1.836161375045776367e+00 -2.075535356998443604e-01 -2.766380012035369873e-01 9.336846923828125000e+01
2.309931993484497070e+00 1.807899475097656250e+00 -2.213854342699050903e-01 -2.348249256610870361e-01 9.436592864990234375e+01
2.178539276123046875e+00 1.743956446647644043e+00 -2.331266850233078003e-01 -1.897322237491607666e-01 9.536137390136718750e+01
2.032357454299926758e+00 1.641937255859375000e+00 -2.426133006811141968e-01 -1.416829526424407959e-01 9.635446929931640625e+01
1.871809720993041992e+00 1.500620722770690918e+00 -2.496974468231201172e-01 -9.115821123123168945e-02 9.734490203857421875e+01
1.697403073310852051e+00 1.321026921272277832e+00 -2.542553544044494629e-01 -3.882568329572677612e-02 9.833242797851562500e+01
1.509806156158447266e+00 1.108052015304565430e+00 -2.561966478824615479e-01 1.430617272853851318e-02 9.931689453125000000e+01
1.309997320175170898e+00 8.733695745468139648e-01 -2.554813325405120850e-01 6.697811931371688843e-02 1.002982940673828125e+02
1.099537253379821777e+00 6.377964615821838379e-01 -2.521324157714843750e-01 1.180855333805084229e-01 1.012768707275390625e+02
8.809492588043212891e-01 4.275905191898345947e-01 -2.462281435728073120e-01 1.676192134618759155e-01 1.022532119750976562e+02
6.579363346099853516e-01 2.570169568061828613e-01 -2.378471791744232178e-01 2.151220440864562988e-01 1.032282638549804688e+02
4.348144233226776123e-01 1.229508519172668457e-01 -2.270910739898681641e-01 2.609154582023620605e-01 1.042031402587890625e+02
2.156599014997482300e-01 8.275449275970458984e-03 -2.140453010797500610e-01 3.023915886878967285e-01 1.051788482666015625e+02
3.649637103080749512e-03 -9.438361972570419312e-02 -1.989257186651229858e-01 3.412691056728363037e-01 1.061561126708984375e+02
-1.985928416252136230e-01 -1.978768557310104370e-01 -1.818622648715972900e-01 3.746085166931152344e-01 1.071354598999023438e+02
-3.891849815845489502e-01 -3.028029203414916992e-01 -1.631318330764770508e-01 4.039118587970733643e-01 1.081171798706054688e+02
-5.665333867073059082e-01 -4.129287302494049072e-01 -1.429362446069717407e-01 4.285853803157806396e-01 1.091014480590820312e+02
-7.294192910194396973e-01 -5.289009213447570801e-01 -1.215069741010665894e-01 4.488963484764099121e-01 1.100883102416992188e+02
-8.768775463104248047e-01 -6.507480144500732422e-01 -9.906215965747833252e-02 4.651423692703247070e-01 1.110777282714843750e+02
-1.008155703544616699e+00 -7.779508233070373535e-01 -7.580503821372985840e-02 4.776996076107025146e-01 1.120696105957031250e+02
-1.122673988342285156e+00 -9.096434712409973145e-01 -5.192005634307861328e-02 4.869945943355560303e-01 1.130637893676757812e+02
-1.219991564750671387e+00 -1.044787764549255371e+00 -2.757032588124275208e-02 4.934632778167724609e-01 1.140600814819335938e+02
-1.299777984619140625e+00 -1.182326078414916992e+00 -2.897161990404129028e-03 4.974968135356903076e-01 1.150582580566406250e+02
-1.361791253089904785e+00 -1.321329832077026367e+00 2.197767980396747589e-02 4.993529915809631348e-01 1.160580825805664062e+02
-1.405865907669067383e+00 -1.461162805557250977e+00 4.694532975554466248e-02 4.989953041076660156e-01 1.170592956542968750e+02
-1.431915521621704102e+00 -1.601674914360046387e+00 7.189509272575378418e-02 4.957949519157409668e-01 1.180616226196289062e+02
-1.439959168434143066e+00 -1.743267178535461426e+00 9.668484330177307129e-02 4.881084859371185303e-01 1.190647888183593750e+02
-1.430181145668029785e+00 -1.885809302330017090e+00 1.210902705788612366e-01 4.733617603778839111e-01 1.200685348510742188e+02
-1.402986645698547363e+00 -2.024550676345825195e+00 1.447583585977554321e-01 4.503073692321777344e-01 1.210726013183593750e+02
-1.358902096748352051e+00 -2.148283004760742188e+00 1.672737300395965576e-01 4.212740957736968994e-01 1.220767440795898438e+02
-1.298322200775146484e+00 -2.248464345932006836e+00 1.883374303579330444e-01 3.882499337196350098e-01 1.230806732177734375e+02
-1.221531391143798828e+00 -2.321087360382080078e+00 2.077499330043792725e-01 3.513335585594177246e-01 1.240840377807617188e+02
-1.128831505775451660e+00 -2.361996173858642578e+00 2.253166139125823975e-01 3.107386529445648193e-01 1.250864715576171875e+02
-1.020531177520751953e+00 -2.367323875427246094e+00 2.408535480499267578e-01 2.666025459766387939e-01 1.260875778198242188e+02
-8.969491124153137207e-01 -2.333275318145751953e+00 2.541836798191070557e-01 2.191318869590759277e-01 1.270869445800781250e+02
-7.584089040756225586e-01 -2.256401538848876953e+00 2.651402652263641357e-01 1.685288697481155396e-01 1.280841522216796875e+02
-6.052418947219848633e-01 -2.133632183074951172e+00 2.735667228698730469e-01 1.150923222303390503e-01 1.290787658691406250e+02
-4.377891421318054199e-01 -1.962759733200073242e+00 2.793213427066802979e-01 5.919733271002769470e-02 1.300704040527343750e+02
-2.564201951026916504e-01 -1.743034243583679199e+00 2.822812199592590332e-01 1.454427838325500488e-03 1.310587005615234375e+02
-6.157535314559936523e-02 -1.476836681365966797e+00 2.823539376258850098e-01 -5.718612298369407654e-02 1.320433959960937500e+02
1.461239308118820190e-01 -1.172759056091308594e+00 2.794946432113647461e-01 -1.150822415947914124e-01 1.330243682861328125e+02
3.656313717365264893e-01 -8.519247770309448242e-01 2.737405300140380859e-01 -1.701370477676391602e-01 1.340017395019531250e+02
5.949556827545166016e-01 -5.525907278060913086e-01 2.652336657047271729e-01 -2.213205695152282715e-01 1.349760284423828125e+02
8.304270505905151367e-01 -3.131326436996459961e-01 2.541676461696624756e-01 -2.704641520977020264e-01 1.359483032226562500e+02
1.066713333129882812e+00 -1.308075338602066040e-01 2.406444400548934937e-01 -3.157205581665039062e-01 1.369201202392578125e+02
1.298689961433410645e+00 1.207199692726135254e-02 2.248584181070327759e-01 -3.593718707561492920e-01 1.378928680419921875e+02
1.522246718406677246e+00 1.444366723299026489e-01 2.068898230791091919e-01 -3.963308036327362061e-01 1.388675537109375000e+02
1.734731554985046387e+00 2.713065743446350098e-01 1.870732903480529785e-01 -4.292679131031036377e-01 1.398447418212890625e+02
1.934044241905212402e+00 4.021484255790710449e-01 1.656098961830139160e-01 -4.566820859909057617e-01 1.408247680664062500e+02
2.118730545043945312e+00 5.391789674758911133e-01 1.427757889032363892e-01 -4.788931608200073242e-01 1.418077697753906250e+02
2.287706375122070312e+00 6.831779479980468750e-01 1.188311278820037842e-01 -4.962571561336517334e-01 1.427937622070312500e+02
2.440176010131835938e+00 8.338037133216857910e-01 9.401826560497283936e-02 -5.092700123786926270e-01 1.437826538085937500e+02
2.575562000274658203e+00 9.900436401367187500e-01 6.855476647615432739e-02 -5.185288786888122559e-01 1.447743225097656250e+02
2.693449020385742188e+00 1.150544285774230957e+00 4.262832179665565491e-02 -5.246900320053100586e-01 1.457685852050781250e+02
2.793539285659790039e+00 1.313862681388854980e+00 1.639381982386112213e-02 -5.284301042556762695e-01 1.467652282714843750e+02
2.875616788864135742e+00 1.478657722473144531e+00 -1.002768613398075104e-02 -5.304126739501953125e-01 1.477640228271484375e+02
2.939518451690673828e+00 1.643846154212951660e+00 -3.654832020401954651e-02 -5.312495827674865723e-01 1.487647094726562500e+02
2.985115766525268555e+00 1.808764815330505371e+00 -6.311079859733581543e-02 -5.314205288887023926e-01 1.497670440673828125e+02
3.012305021286010742e+00 1.973464369773864746e+00 -8.968182653188705444e-02 -5.310336947441101074e-01 1.507707519531250000e+02
3.021019935607910156e+00 2.139507293701171875e+00 -1.162335127592086792e-01 -5.290497541427612305e-01 1.517755737304687500e+02
3.011301517486572266e+00 2.312038183212280273e+00 -1.426859945058822632e-01 -5.210475921630859375e-01 1.527812347412109375e+02
2.983526229858398438e+00 2.499310970306396484e+00 -1.687383800745010376e-01 -4.971957802772521973e-01 1.537875061035156250e+02
2.938778162002563477e+00 2.683603048324584961e+00 -1.935981661081314087e-01 -4.589844346046447754e-01 1.547942962646484375e+02
2.878060579299926758e+00 2.830590724945068359e+00 -2.165473848581314087e-01 -4.205662906169891357e-01 1.558014221191406250e+02
2.801425695419311523e+00 2.946883678436279297e+00 -2.375756949186325073e-01 -3.770457208156585693e-01 1.568084716796875000e+02
2.709284067153930664e+00 3.023025989532470703e+00 -2.564279735088348389e-01 -3.313701152801513672e-01 1.578150634765625000e+02
2.601866006851196289e+00 3.059322357177734375e+00 -2.729964852333068848e-01 -2.816263735294342041e-01 1.588207092285156250e+02
2.479549169540405273e+00 3.049176931381225586e+00 -2.870778143405914307e-01 -2.294106632471084595e-01 1.598249206542968750e+02
2.342617750167846680e+00 2.991469621658325195e+00 -2.985483407974243164e-01 -1.735768765211105347e-01 1.608271636962890625e+02
2.191441774368286133e+00 2.880439758300781250e+00 -3.072271943092346191e-01 -1.154915094375610352e-01 1.618269195556640625e+02
2.026303291320800781e+00 2.715043306350708008e+00 -3.130017817020416260e-01 -5.427045747637748718e-02 1.628236541748046875e+02
1.847543835639953613e+00 2.490279436111450195e+00 -3.157153129577636719e-01 8.502442389726638794e-03 1.638168640136718750e+02
1.655407071113586426e+00 2.207092285156250000e+00 -3.152901828289031982e-01 7.361219823360443115e-02 1.648061065673828125e+02
1.450229525566101074e+00 1.863297104835510254e+00 -3.116095662117004395e-01 1.384449899196624756e-01 1.657910308837890625e+02
1.232316613197326660e+00 1.469620943069458008e+00 -3.046873211860656738e-01 2.033033668994903564e-01 1.667714385986328125e+02
1.002418279647827148e+00 1.041478872299194336e+00 -2.945221662521362305e-01 2.616662979125976562e-01 1.677474212646484375e+02
7.619673013687133789e-01 6.393381357192993164e-01 -2.814388573169708252e-01 3.157859444618225098e-01 1.687194824218750000e+02
5.149383544921875000e-01 3.136776983737945557e-01 -2.656495571136474609e-01 3.594801425933837891e-01 1.696890106201171875e+02
2.675359845161437988e-01 9.621094167232513428e-02 -2.476755529642105103e-01 4.110736250877380371e-01 1.706580505371093750e+02
2.704864740371704102e-02 -1.037540435791015625e-01 -2.271218746900558472e-01 4.441886842250823975e-01 1.716287078857421875e+02
-2.031800597906112671e-01 -2.686208486557006836e-01 -2.049124389886856079e-01 4.797704219818115234e-01 1.726018524169921875e+02
-4.198115468025207520e-01 -4.373407661914825439e-01 -1.809239238500595093e-01 5.073983073234558105e-01 1.735782012939453125e+02
-6.212601661682128906e-01 -6.122676134109497070e-01 -1.555540114641189575e-01 5.283341407775878906e-01 1.745579376220703125e+02
-8.064313530921936035e-01 -7.946792840957641602e-01 -1.291373074054718018e-01 5.431851744651794434e-01 1.755411224365234375e+02
-9.746131896972656250e-01 -9.839437007904052734e-01 -1.019780486822128296e-01 5.526950955390930176e-01 1.765276794433593750e+02
-1.125356197357177734e+00 -1.178332567214965820e+00 -7.434329390525817871e-02 5.577191114425659180e-01 1.775174713134765625e+02
-1.258384943008422852e+00 -1.375654816627502441e+00 -4.645733535289764404e-02 5.591441392898559570e-01 1.785103302001953125e+02
-1.373534083366394043e+00 -1.573678016662597656e+00 -1.850012876093387604e-02 5.578241944313049316e-01 1.795060577392578125e+02
-1.470703601837158203e+00 -1.770380020141601562e+00 9.391080588102340698e-03 5.545476675033569336e-01 1.805044250488281250e+02
-1.549827814102172852e+00 -1.964078545570373535e+00 3.711846470832824707e-02 5.500332117080688477e-01 1.815052185058593750e+02
-1.610854148864746094e+00 -2.153485059738159180e+00 6.462012231349945068e-02 5.449478030204772949e-01 1.825081787109375000e+02
-1.653728485107421875e+00 -2.337718725204467773e+00 9.186751395463943481e-02 5.399404168128967285e-01 1.835130462646484375e+02
-1.678383231163024902e+00 -2.516315460205078125e+00 1.188645362854003906e-01 5.356836915016174316e-01 1.845195465087890625e+02
-1.684726357460021973e+00 -2.689273357391357422e+00 1.456487178802490234e-01 5.329022407531738281e-01 1.855274047851562500e+02
-1.672631978988647461e+00 -2.857293605804443359e+00 1.722938269376754761e-01 5.322726368904113770e-01 1.865363311767578125e+02
-1.641938805580139160e+00 -3.023168802261352539e+00 1.989074647426605225e-01 5.334329605102539062e-01 1.875460205078125000e+02
-1.592518448829650879e+00 -3.201400756835937500e+00 2.255791127681732178e-01 5.274713635444641113e-01 1.885561676025390625e+02
-1.524862289428710938e+00 -3.449633359909057617e+00 2.519526779651641846e-01 4.686826467514038086e-01 1.895666351318359375e+02
-1.442602872848510742e+00 -3.633000850677490234e+00 2.753868103027343750e-01 4.150457978248596191e-01 1.905780639648437500e+02
-1.345489144325256348e+00 -3.776339530944824219e+00 2.961390912532806396e-01 3.523624837398529053e-01 1.915897827148437500e+02
-1.234257459640502930e+00 -3.850299358367919922e+00 3.137572109699249268e-01 2.947044372558593750e-01 1.926013488769531250e+02
-1.108739376068115234e+00 -3.879902839660644531e+00 3.284924328327178955e-01 2.276113033294677734e-01 1.936119537353515625e+02
-9.697450995445251465e-01 -3.834784030914306641e+00 3.398729860782623291e-01 1.655690371990203857e-01 1.946210632324218750e+02
-8.171489238739013672e-01 -3.740311622619628906e+00 3.481514453887939453e-01 9.386872500181198120e-02 1.956277770996093750e+02
-6.517837643623352051e-01 -3.564417600631713867e+00 3.528448939323425293e-01 2.803929895162582397e-02 1.966315917968750000e+02
-4.734562039375305176e-01 -3.335124492645263672e+00 3.542468547821044922e-01 -4.786151647567749023e-02 1.976315765380859375e+02
-2.829741239547729492e-01 -3.016115427017211914e+00 3.518537878990173340e-01 -1.153470575809478760e-01 1.986273345947265625e+02
-7.990224659442901611e-02 -2.644856929779052734e+00 3.460864424705505371e-01 -1.944533884525299072e-01 1.996180419921875000e+02
1.349148303270339966e-01 -2.175426244735717773e+00 3.363637626171112061e-01 -2.587311565876007080e-01 2.006036071777343750e+02
3.622957468032836914e-01 -1.676304340362548828e+00 3.234272003173828125e-01 -3.386393487453460693e-01 2.015834655761718750e+02
6.006441116333007812e-01 -1.090013504028320312e+00 3.064952194690704346e-01 -3.823162019252777100e-01 2.025582580566406250e+02
8.504023551940917969e-01 -6.316564083099365234e-01 2.873794138431549072e-01 -4.598987698554992676e-01 2.035280914306640625e+02
1.103554844856262207e+00 -1.411584317684173584e-01 2.643844783306121826e-01 -4.351021945476531982e-01 2.044960327148437500e+02
1.358057379722595215e+00 2.713039517402648926e-02 2.426293641328811646e-01 -5.099555850028991699e-01 2.054631347656250000e+02
1.599629998207092285e+00 2.438634932041168213e-01 2.171315848827362061e-01 -5.528843402862548828e-01 2.064335174560546875e+02
1.826966285705566406e+00 4.746978580951690674e-01 1.894873678684234619e-01 -5.793210268020629883e-01 2.074074096679687500e+02
2.038631916046142578e+00 7.115907073020935059e-01 1.605213135480880737e-01 -5.961960554122924805e-01 2.083850402832031250e+02
2.233586788177490234e+00 9.543216824531555176e-01 1.307115107774734497e-01 -6.057859063148498535e-01 2.093665008544921875e+02
2.411235332489013672e+00 1.201638698577880859e+00 1.004222184419631958e-01 -6.096124649047851562e-01 2.103517456054687500e+02
2.571268081665039062e+00 1.451236367225646973e+00 6.994159519672393799e-02 -6.090134978294372559e-01 2.113406829833984375e+02
2.713536977767944336e+00 1.700521707534790039e+00 3.949091956019401550e-02 -6.051606535911560059e-01 2.123331604003906250e+02
2.837977409362792969e+00 1.947101593017578125e+00 9.232886135578155518e-03 -5.990397930145263672e-01 2.133290252685546875e+02
2.944561004638671875e+00 2.188994407653808594e+00 -2.071910351514816284e-02 -5.914636850357055664e-01 2.143280792236328125e+02
3.033269643783569336e+00 2.424685955047607422e+00 -5.029229074716567993e-02 -5.831083059310913086e-01 2.153301391601562500e+02
3.104079484939575195e+00 2.653109550476074219e+00 -7.944770902395248413e-02 -5.745618343353271484e-01 2.163349761962890625e+02
3.156952381134033203e+00 2.873606681823730469e+00 -1.081757992506027222e-01 -5.663789510726928711e-01 2.173423461914062500e+02
3.191828012466430664e+00 3.085893869400024414e+00 -1.364947408437728882e-01 -5.591391921043395996e-01 2.183520202636718750e+02
3.208616256713867188e+00 3.290046215057373047e+00 -1.644517034292221069e-01 -5.535148978233337402e-01 2.193637084960937500e+02
3.207187652587890625e+00 3.486532211303710938e+00 -1.921274513006210327e-01 -5.503386855125427246e-01 2.203771514892578125e+02
3.187359094619750977e+00 3.676457405090332031e+00 -2.196443825960159302e-01 -5.505635142326354980e-01 2.213920440673828125e+02
3.148883104324340820e+00 3.863355159759521484e+00 -2.471725642681121826e-01 -5.540958642959594727e-01 2.224080657958984375e+02
3.091516733169555664e+00 4.070928573608398438e+00 -2.748773694038391113e-01 -5.465302467346191406e-01 2.234249420166015625e+02
3.015992879867553711e+00 4.396162509918212891e+00 -3.022038936614990234e-01 -4.515103399753570557e-01 2.244426422119140625e+02
2.928215026855468750e+00 4.552503108978271484e+00 -3.247794210910797119e-01 -4.096802473068237305e-01 2.254627380371093750e+02
2.824840545654296875e+00 4.743075847625732422e+00 -3.452634215354919434e-01 -3.145990371704101562e-01 2.264830932617187500e+02
2.709554433822631836e+00 4.774484634399414062e+00 -3.609933853149414062e-01 -2.650881409645080566e-01 2.275043487548828125e+02
2.579688310623168945e+00 4.816547393798828125e+00 -3.742477893829345703e-01 -1.728737652301788330e-01 2.285242156982421875e+02
2.438273906707763672e+00 4.720587253570556641e+00 -3.828914761543273926e-01 -1.125883162021636963e-01 2.295430450439453125e+02
2.283607959747314453e+00 4.605816841125488281e+00 -3.885208964347839355e-01 -2.207090705633163452e-02 2.305588073730468750e+02
2.117915391921997070e+00 4.367415428161621094e+00 -3.896244466304779053e-01 4.631124436855316162e-02 2.315715179443359375e+02
1.940078616142272949e+00 4.088907241821289062e+00 -3.873088955879211426e-01 1.364444345235824585e-01 2.325795135498046875e+02
1.751682519912719727e+00 3.689944982528686523e+00 -3.804866671562194824e-01 2.072615921497344971e-01 2.335826568603515625e+02
1.551612854003906250e+00 3.243160247802734375e+00 -3.701235949993133545e-01 2.966127991676330566e-01 2.345796508789062500e+02
1.341059327125549316e+00 2.672014236450195312e+00 -3.552929461002349854e-01 3.625681996345520020e-01 2.355705871582031250e+02
1.118450880050659180e+00 2.069163322448730469e+00 -3.371645212173461914e-01 4.493495821952819824e-01 2.365546112060546875e+02
8.852714300155639648e-01 1.350838184356689453e+00 -3.146970272064208984e-01 4.941210448741912842e-01 2.375325317382812500e+02
6.399679780006408691e-01 7.435452938079833984e-01 -2.899909615516662598e-01 5.647495388984680176e-01 2.385043334960937500e+02
3.896493911743164062e-01 1.587496995925903320e-01 -2.617534995079040527e-01 5.383370518684387207e-01 2.394732055664062500e+02
1.385417580604553223e-01 -9.711024165153503418e-02 -2.348366528749465942e-01 5.989506840705871582e-01 2.404411926269531250e+02
-9.886460006237030029e-02 -3.799950182437896729e-01 -2.048891186714172363e-01 6.306929588317871094e-01 2.414126129150390625e+02
-3.209255337715148926e-01 -6.695447564125061035e-01 -1.733544766902923584e-01 6.483245491981506348e-01 2.423878326416015625e+02
-5.263885259628295898e-01 -9.637013673782348633e-01 -1.409382522106170654e-01 6.570374369621276855e-01 2.433670654296875000e+02
-7.145679593086242676e-01 -1.261369466781616211e+00 -1.080863773822784424e-01 6.593996286392211914e-01 2.443503875732421875e+02
-8.851444721221923828e-01 -1.560299158096313477e+00 -7.511639595031738281e-02 6.572967171669006348e-01 2.453377532958984375e+02
-1.037985205650329590e+00 -1.857952117919921875e+00 -4.225156083703041077e-02 6.522096395492553711e-01 2.463290710449218750e+02
-1.173038840293884277e+00 -2.152092218399047852e+00 -9.641077369451522827e-03 6.452913880348205566e-01 2.473242492675781250e+02
-1.290279388427734375e+00 -2.440997123718261719e+00 2.262349426746368408e-02 6.374460458755493164e-01 2.483231658935546875e+02
-1.389676451683044434e+00 -2.723481178283691406e+00 5.449579656124114990e-02 6.294138431549072266e-01 2.493256683349609375e+02
-1.471179485321044922e+00 -2.998848438262939453e+00 8.596649020910263062e-02 6.218568086624145508e-01 2.503316040039062500e+02
-1.534707546234130859e+00 -3.266841173171997070e+00 1.170593351125717163e-01 6.154428720474243164e-01 2.513407897949218750e+02
-1.580139636993408203e+00 -3.527613162994384766e+00 1.478314846754074097e-01 6.109322309494018555e-01 2.523530273437500000e+02
-1.607302904129028320e+00 -3.781775474548339844e+00 1.783780902624130249e-01 6.092503070831298828e-01 2.533681030273437500e+02
-1.615957736968994141e+00 -4.030784130096435547e+00 2.088406085968017578e-01 6.113559007644653320e-01 2.543857879638671875e+02
-1.605792045593261719e+00 -4.280159950256347656e+00 2.394084036350250244e-01 6.160073280334472656e-01 2.554058380126953125e+02
-1.576568245887756348e+00 -4.570365428924560547e+00 2.702087759971618652e-01 5.964007377624511719e-01 2.564280700683593750e+02
-1.529862165451049805e+00 -4.960129737854003906e+00 3.000288009643554688e-01 4.938886165618896484e-01 2.574527893066406250e+02
-1.471241950988769531e+00 -5.157584667205810547e+00 3.247232437133789062e-01 4.560007154941558838e-01 2.584814147949218750e+02
-1.396597623825073242e+00 -5.393965721130371094e+00 3.475232720375061035e-01 3.645017743110656738e-01 2.595114440917968750e+02
-1.309602975845336914e+00 -5.489368438720703125e+00 3.657483458518981934e-01 3.084548115730285645e-01 2.605435180664062500e+02
-1.208268761634826660e+00 -5.567297458648681641e+00 3.811710774898529053e-01 2.252274751663208008e-01 2.615755310058593750e+02
-1.094647526741027832e+00 -5.544285297393798828e+00 3.924324512481689453e-01 1.543438732624053955e-01 2.626072998046875000e+02
-9.683513045310974121e-01 -5.465230464935302734e+00 4.001496434211730957e-01 7.241827249526977539e-02 2.636372985839843750e+02
-8.304697275161743164e-01 -5.300230026245117188e+00 4.037705659866333008e-01 -7.569663226604461670e-03 2.646647644042968750e+02
-6.812821626663208008e-01 -5.059573650360107422e+00 4.033920764923095703e-01 -9.195752441883087158e-02 2.656884765625000000e+02
-5.214150547981262207e-01 -4.731288433074951172e+00 3.987942039966583252e-01 -1.758655160665512085e-01 2.667075195312500000e+02
-3.511087894439697266e-01 -4.316176891326904297e+00 3.900009393692016602e-01 -2.600489854812622070e-01 2.677209167480468750e+02
-1.705229580402374268e-01 -3.808726787567138672e+00 3.769984841346740723e-01 -3.412720561027526855e-01 2.687278747558593750e+02
2.054572105407714844e-02 -3.211487054824829102e+00 3.599348664283752441e-01 -4.192637801170349121e-01 2.697277526855468750e+02
2.224742919206619263e-01 -2.526809215545654297e+00 3.389716744422912598e-01 -4.914475381374359131e-01 2.707202148437500000e+02
4.358404278755187988e-01 -1.771343231201171875e+00 3.143993020057678223e-01 -5.553451776504516602e-01 2.717053222656250000e+02
6.608599424362182617e-01 -9.943625330924987793e-01 2.866320312023162842e-01 -5.971924066543579102e-01 2.726836853027343750e+02
8.958935141563415527e-01 -3.648440837860107422e-01 2.567723989486694336e-01 -6.152008771896362305e-01 2.736569519042968750e+02
1.132209539413452148e+00 3.086885809898376465e-02 2.260123491287231445e-01 -6.506777405738830566e-01 2.746287841796875000e+02
1.357806801795959473e+00 3.873235285282135010e-01 1.934784650802612305e-01 -6.662300825119018555e-01 2.756029968261718750e+02
1.569085240364074707e+00 7.148638963699340820e-01 1.601669639348983765e-01 -6.780731081962585449e-01 2.765806274414062500e+02
1.763854026794433594e+00 1.037175655364990234e+00 1.262633055448532104e-01 -6.844444274902343750e-01 2.775621337890625000e+02
1.941228032112121582e+00 1.359192728996276855e+00 9.204108268022537231e-02 -6.865971684455871582e-01 2.785476379394531250e+02
2.100811243057250977e+00 1.681290388107299805e+00 5.771122500300407410e-02 -6.859755516052246094e-01 2.795371704101562500e+02
2.242414951324462891e+00 2.002580404281616211e+00 2.341244742274284363e-02 -6.838990449905395508e-01 2.805306701660156250e+02
2.365926742553710938e+00 2.322119951248168945e+00 -1.078250631690025330e-02 -6.815197467803955078e-01 2.815280456542968750e+02
2.471243619918823242e+00 2.639371395111083984e+00 -4.485849291086196899e-02 -6.798618435859680176e-01 2.825292358398437500e+02
2.558235883712768555e+00 2.954474210739135742e+00 -7.885158061981201172e-02 -6.798134446144104004e-01 2.835341491699218750e+02
2.626730680465698242e+00 3.268926858901977539e+00 -1.128422543406486511e-01 -6.817085146903991699e-01 2.845426635742187500e+02
2.676534652709960938e+00 3.589292526245117188e+00 -1.469276845455169678e-01 -6.824117302894592285e-01 2.855547180175781250e+02
2.707665920257568359e+00 3.945448160171508789e+00 -1.810482740402221680e-01 -6.600267291069030762e-01 2.865702209472656250e+02
2.721653223037719727e+00 4.343581199645996094e+00 -2.140496075153350830e-01 -5.938670635223388672e-01 2.875893859863281250e+02
2.721457242965698242e+00 4.642368316650390625e+00 -2.437429577112197876e-01 -5.527147054672241211e-01 2.886127014160156250e+02
2.705378055572509766e+00 4.936957836151123047e+00 -2.713786959648132324e-01 -4.866379201412200928e-01 2.896391601562500000e+02
2.675132036209106445e+00 5.146993160247802734e+00 -2.957105934619903564e-01 -4.345811903476715088e-01 2.906687316894531250e+02
2.629891872406005859e+00 5.326984882354736328e+00 -3.174396455287933350e-01 -3.676065206527709961e-01 2.917003173828125000e+02
2.570798635482788086e+00 5.433140277862548828e+00 -3.358199596405029297e-01 -3.058735430240631104e-01 2.927334899902343750e+02
2.497737646102905273e+00 5.489006996154785156e+00 -3.511136472225189209e-01 -2.361432164907455444e-01 2.937671508789062500e+02
2.411500215530395508e+00 5.475088596343994141e+00 -3.629208207130432129e-01 -1.662624478340148926e-01 2.948005371093750000e+02
2.312417030334472656e+00 5.397095680236816406e+00 -3.712339401245117188e-01 -9.176629036664962769e-02 2.958325805664062500e+02
2.201123714447021484e+00 5.246143341064453125e+00 -3.758222460746765137e-01 -1.532847434282302856e-02 2.968623657226562500e+02
2.078085899353027344e+00 5.020766735076904297e+00 -3.765886723995208740e-01 6.378475576639175415e-02 2.978888549804687500e+02
1.943782210350036621e+00 4.715204715728759766e+00 -3.733994364738464355e-01 1.438388228416442871e-01 2.989111022949218750e+02
1.798514127731323242e+00 4.326573371887207031e+00 -3.662074804306030273e-01 2.239506244659423828e-01 2.999281921386718750e+02
1.642421483993530273e+00 3.851667881011962891e+00 -3.550099432468414307e-01 3.023493885993957520e-01 3.009393615722656250e+02
1.475396275520324707e+00 3.290412902832031250e+00 -3.398924767971038818e-01 3.778913021087646484e-01 3.019439392089843750e+02
1.297119021415710449e+00 2.645331382751464844e+00 -3.209979236125946045e-01 4.490207433700561523e-01 3.029415893554687500e+02
1.107115864753723145e+00 1.927336096763610840e+00 -2.985468804836273193e-01 5.132927298545837402e-01 3.039322509765625000e+02
9.050881862640380859e-01 1.172082901000976562e+00 -2.728822529315948486e-01 5.615234971046447754e-01 3.049163513183593750e+02
6.920157074928283691e-01 5.023900270462036133e-01 -2.448060810565948486e-01 5.808523893356323242e-01 3.058951416015625000e+02
4.740180373191833496e-01 8.720496296882629395e-02 -2.157634645700454712e-01 6.195288896560668945e-01 3.068713989257812500e+02
2.641839385032653809e-01 -2.749649584293365479e-01 -1.847870200872421265e-01 6.310621500015258789e-01 3.078491516113281250e+02
6.693257391452789307e-02 -5.803839564323425293e-01 -1.532339155673980713e-01 6.462180018424987793e-01 3.088295898437500000e+02
-1.143815517425537109e-01 -8.780928850173950195e-01 -1.209230124950408936e-01 6.552588343620300293e-01 3.098134460449218750e+02
-2.785941362380981445e-01 -1.174274206161499023e+00 -8.816006779670715332e-02 6.597124934196472168e-01 3.108008422851562500e+02
-4.251257181167602539e-01 -1.470213651657104492e+00 -5.517444387078285217e-02 6.611022353172302246e-01 3.117917785644531250e+02
-5.536710023880004883e-01 -1.765540599822998047e+00 -2.211933210492134094e-02 6.608266234397888184e-01 3.127861938476562500e+02
-6.640439629554748535e-01 -2.059671401977539062e+00 1.092199981212615967e-02 6.600817441940307617e-01 3.137839965820312500e+02
-7.560995817184448242e-01 -2.352567911148071289e+00 4.392608627676963806e-02 6.597341895103454590e-01 3.147850646972656250e+02
-8.297025561332702637e-01 -2.645809650421142578e+00 7.691279798746109009e-02 6.596478223800659180e-01 3.157892761230468750e+02
-8.847649693489074707e-01 -2.946717739105224609e+00 1.098951846361160278e-01 6.552482843399047852e-01 3.167964782714843750e+02
-9.215379357337951660e-01 -3.279699563980102539e+00 1.426576077938079834e-01 6.264801025390625000e-01 3.178066101074218750e+02
-9.416828751564025879e-01 -3.622884035110473633e+00 1.739816069602966309e-01 5.716835260391235352e-01 3.188197631835937500e+02
-9.469872117042541504e-01 -3.897124290466308594e+00 2.025657892227172852e-01 5.282946825027465820e-01 3.198360290527343750e+02
-9.366760253906250000e-01 -4.152995586395263672e+00 2.289805263280868530e-01 4.683575630187988281e-01 3.208547973632812500e+02
-9.119210243225097656e-01 -4.338946342468261719e+00 2.523984014987945557e-01 4.163767993450164795e-01 3.218758239746093750e+02
-8.722675442695617676e-01 -4.492420673370361328e+00 2.732172310352325439e-01 3.512005805969238281e-01 3.228983154296875000e+02
-8.187261819839477539e-01 -4.573050975799560547e+00 2.907772660255432129e-01 2.917623519897460938e-01 3.239218444824218750e+02
-7.510832548141479492e-01 -4.609074592590332031e+00 3.053653836250305176e-01 2.218308746814727783e-01 3.249454345703125000e+02
-6.702338457107543945e-01 -4.569329738616943359e+00 3.164569139480590820e-01 1.557056605815887451e-01 3.259684448242187500e+02
-5.761542320251464844e-01 -4.473796367645263672e+00 3.242422044277191162e-01 8.158983290195465088e-02 3.269898986816406250e+02
-4.695975184440612793e-01 -4.298603057861328125e+00 3.283216953277587891e-01 1.034380495548248291e-02 3.280090637207031250e+02
-3.505923151969909668e-01 -4.058102607727050781e+00 3.288388848304748535e-01 -6.655717641115188599e-02 3.290249633789062500e+02
-2.196810245513916016e-01 -3.733178377151489258e+00 3.255110383033752441e-01 -1.399661004543304443e-01 3.300368957519531250e+02
-7.674495875835418701e-02 -3.336977958679199219e+00 3.185127377510070801e-01 -2.169385701417922974e-01 3.310440673828125000e+02
7.795274257659912109e-02 -2.853280067443847656e+00 3.076657950878143311e-01 -2.881607413291931152e-01 3.320460205078125000e+02
2.448226809501647949e-01 -2.301726102828979492e+00 2.932577729225158691e-01 -3.611029088497161865e-01 3.330422668457031250e+02
4.237222075462341309e-01 -1.674337863922119141e+00 2.752026319503784180e-01 -4.222380220890045166e-01 3.340328369140625000e+02
6.148975491523742676e-01 -1.034745454788208008e+00 2.540907263755798340e-01 -4.765701591968536377e-01 3.350179443359375000e+02
8.161869049072265625e-01 -4.594088196754455566e-01 2.302622199058532715e-01 -4.983684718608856201e-01 3.359988403320312500e+02
1.022055625915527344e+00 -1.225399971008300781e-01 2.053437978029251099e-01 -5.516164302825927734e-01 3.369776916503906250e+02
1.219961047172546387e+00 2.073234915733337402e-01 1.777629703283309937e-01 -5.593538284301757812e-01 3.379579467773437500e+02
1.406992077827453613e+00 4.527311921119689941e-01 1.497952789068222046e-01 -5.831242799758911133e-01 3.389403686523437500e+02
1.578610897064208984e+00 6.975663304328918457e-01 1.206390634179115295e-01 -5.982844829559326172e-01 3.399257812500000000e+02
1.733582377433776855e+00 9.437769055366516113e-01 9.072484076023101807e-02 -6.074033379554748535e-01 3.409143066406250000e+02
1.871177554130554199e+00 1.191729187965393066e+00 6.035467237234115601e-02 -6.121582984924316406e-01 3.419059143066406250e+02
1.990973591804504395e+00 1.440543651580810547e+00 2.974675782024860382e-02 -6.140162944793701172e-01 3.429005126953125000e+02
2.092711210250854492e+00 1.689085364341735840e+00 -9.540580213069915771e-04 -6.142560839653015137e-01 3.438979187011718750e+02
2.176211357116699219e+00 1.936594963073730469e+00 -3.166685998439788818e-02 -6.139004826545715332e-01 3.448980102539062500e+02
2.241331100463867188e+00 2.183326005935668945e+00 -6.236188486218452454e-02 -6.134036779403686523e-01 3.459005737304687500e+02
2.287963628768920898e+00 2.432334184646606445e+00 -9.303206950426101685e-02 -6.111899614334106445e-01 3.469054260253906250e+02
2.316156387329101562e+00 2.695917367935180664e+00 -1.235915720462799072e-01 -5.977990627288818359e-01 3.479124145507812500e+02
2.326646804809570312e+00 2.990991830825805664e+00 -1.534815281629562378e-01 -5.536580681800842285e-01 3.489214172363281250e+02
2.321558713912963867e+00 3.245917558670043945e+00 -1.811644285917282104e-01 -5.077763795852661133e-01 3.499325256347656250e+02
2.301023483276367188e+00 3.464727401733398438e+00 -2.065532505512237549e-01 -4.559478163719177246e-01 3.509454040527343750e+02
2.265489816665649414e+00 3.635428428649902344e+00 -2.293506413698196411e-01 -4.022482037544250488e-01 3.519596862792968750e+02
2.215156316757202148e+00 3.760315418243408203e+00 -2.494630515575408936e-01 -3.434785604476928711e-01 3.529748229980468750e+02
2.150468349456787109e+00 3.829008340835571289e+00 -2.666369676589965820e-01 -2.831139266490936279e-01 3.539902954101562500e+02
2.071664571762084961e+00 3.843698024749755859e+00 -2.807926535606384277e-01 -2.181707471609115601e-01 3.550054016113281250e+02
1.979205369949340820e+00 3.794375658035278320e+00 -2.917011976242065430e-01 -1.521677970886230469e-01 3.560195007324218750e+02
1.873327732086181641e+00 3.683782100677490234e+00 -2.993095815181732178e-01 -8.208250999450683594e-02 3.570318298339843750e+02
1.754467248916625977e+00 3.501742839813232422e+00 -3.034137189388275146e-01 -1.190404593944549561e-02 3.580416870117187500e+02
1.622777104377746582e+00 3.252496719360351562e+00 -3.040089309215545654e-01 6.167642027139663696e-02 3.590483093261718750e+02
1.478596925735473633e+00 2.925407171249389648e+00 -3.009251058101654053e-01 1.335301697254180908e-01 3.600511474609375000e+02
1.321890473365783691e+00 2.529383182525634766e+00 -2.942486107349395752e-01 2.079612910747528076e-01 3.610495605468750000e+02
1.152903199195861816e+00 2.054892301559448242e+00 -2.838505506515502930e-01 2.770442962646484375e-01 3.620432739257812500e+02
9.714822173118591309e-01 1.529022932052612305e+00 -2.699983417987823486e-01 3.463402390480041504e-01 3.630320434570312500e+02
7.784337997436523438e-01 9.656848311424255371e-01 -2.526813149452209473e-01 3.969433903694152832e-01 3.640162048339843750e+02
5.751838088035583496e-01 4.974128007888793945e-01 -2.328341454267501831e-01 4.476687610149383545e-01 3.649965209960937500e+02
3.686472177505493164e-01 1.322862207889556885e-01 -2.104507088661193848e-01 4.725285470485687256e-01 3.659752807617187500e+02
1.662148982286453247e-01 -9.618413448333740234e-02 -1.868242770433425903e-01 5.187069773674011230e-01 3.669545898437500000e+02
-2.425000071525573730e-02 -3.288156986236572266e-01 -1.608889251947402954e-01 5.443131923675537109e-01 3.679363098144531250e+02
-2.006741762161254883e-01 -5.497372746467590332e-01 -1.336732655763626099e-01 5.641556382179260254e-01 3.689207763671875000e+02
-3.611913323402404785e-01 -7.707461118698120117e-01 -1.054654866456985474e-01 5.778482556343078613e-01 3.699082031250000000e+02
-5.047845840454101562e-01 -9.945615530014038086e-01 -7.657307386398315430e-02 5.863565206527709961e-01 3.708985900878906250e+02
-6.308652162551879883e-01 -1.220930576324462891e+00 -4.725524783134460449e-02 5.908948779106140137e-01 3.718918457031250000e+02
-7.390812635421752930e-01 -1.448580622673034668e+00 -1.771050319075584412e-02 5.926924347877502441e-01 3.728878479003906250e+02
-8.292084932327270508e-01 -1.676138162612915039e+00 1.192411966621875763e-02 5.928894877433776855e-01 3.738864135742187500e+02
-9.010856151580810547e-01 -1.902612805366516113e+00 4.156859219074249268e-02 5.924695134162902832e-01 3.748873291015625000e+02
-9.545774459838867188e-01 -2.127829074859619141e+00 7.119207084178924561e-02 5.920683145523071289e-01 3.758904113769531250e+02
-9.895674586296081543e-01 -2.353555202484130859e+00 1.007954850792884827e-01 5.910853743553161621e-01 3.768954467773437500e+02
-1.006023049354553223e+00 -2.588102340698242188e+00 1.303497552871704102e-01 5.836645960807800293e-01 3.779022216796875000e+02
-1.004349470138549805e+00 -2.853834867477416992e+00 1.595329791307449341e-01 5.497395396232604980e-01 3.789105529785156250e+02
-9.863721132278442383e-01 -3.111265182495117188e+00 1.870199590921401978e-01 4.986440241336822510e-01 3.799205322265625000e+02
-9.532911181449890137e-01 -3.310611248016357422e+00 2.119521647691726685e-01 4.533738493919372559e-01 3.809320068359375000e+02
-9.047486782073974609e-01 -3.482553243637084961e+00 2.346208542585372925e-01 3.961627185344696045e-01 3.819444580078125000e+02
-8.416314721107482910e-01 -3.591775417327880859e+00 2.544289827346801758e-01 3.433167636394500732e-01 3.829575500488281250e+02
-7.637459635734558105e-01 -3.663602113723754883e+00 2.715948224067687988e-01 2.797365188598632812e-01 3.839705505371093750e+02
-6.719433665275573730e-01 -3.665163040161132812e+00 2.855816483497619629e-01 2.207909822463989258e-01 3.849830322265625000e+02
-5.660635828971862793e-01 -3.622220277786254883e+00 2.966212034225463867e-01 1.512222886085510254e-01 3.859941711425781250e+02
-4.469747543334960938e-01 -3.500218629837036133e+00 3.041823208332061768e-01 8.764965832233428955e-02 3.870034484863281250e+02
-3.144381940364837646e-01 -3.329165458679199219e+00 3.085648119449615479e-01 1.280501484870910645e-02 3.880099487304687500e+02
-1.693431735038757324e-01 -3.068790912628173828e+00 3.092050552368164062e-01 -5.296528339385986328e-02 3.890132751464843750e+02
-1.120446622371673584e-02 -2.760154485702514648e+00 3.065567910671234131e-01 -1.320923417806625366e-01 3.900125427246093750e+02
1.589997112751007080e-01 -2.350444316864013672e+00 2.999521791934967041e-01 -1.955157071352005005e-01 3.910075683593750000e+02
3.421993255615234375e-01 -1.909654259681701660e+00 2.901763916015625000e-01 -2.775371074676513672e-01 3.919976501464843750e+02
5.368296504020690918e-01 -1.362581610679626465e+00 2.762995362281799316e-01 -3.260773122310638428e-01 3.929831542968750000e+02
7.440820336341857910e-01 -8.866752386093139648e-01 2.599956691265106201e-01 -4.080913960933685303e-01 3.939638061523437500e+02
9.583146572113037109e-01 -3.423461318016052246e-01 2.395910918712615967e-01 -3.912849128246307373e-01 3.949415893554687500e+02
1.178991675376892090e+00 -1.673133522272109985e-01 2.200268507003784180e-01 -4.913657307624816895e-01 3.959170837402343750e+02
1.389083504676818848e+00 1.335051804780960083e-01 1.954585611820220947e-01 -5.014695525169372559e-01 3.968948059082031250e+02
1.589848041534423828e+00 3.343514800071716309e-01 1.703850775957107544e-01 -5.354822874069213867e-01 3.978744812011718750e+02
1.775885343551635742e+00 5.431872010231018066e-01 1.436109691858291626e-01 -5.582959651947021484e-01 3.988571777343750000e+02
1.945882916450500488e+00 7.575978040695190430e-01 1.156961694359779358e-01 -5.734894871711730957e-01 3.998429870605468750e+02
2.098947763442993164e+00 9.771822690963745117e-01 8.702169358730316162e-02 -5.827492475509643555e-01 4.008319396972656250e+02
2.234533786773681641e+00 1.200571894645690918e+00 5.788423120975494385e-02 -5.874713659286499023e-01 4.018239135742187500e+02
2.352313756942749023e+00 1.425880312919616699e+00 2.851066179573535919e-02 -5.889351367950439453e-01 4.028187561035156250e+02
2.452085494995117188e+00 1.651239395141601562e+00 -9.360946714878082275e-04 -5.883018374443054199e-01 4.038163146972656250e+02
2.533711433410644531e+00 1.875118374824523926e+00 -3.035118617117404938e-02 -5.866192579269409180e-01 4.048164062500000000e+02
2.597077608108520508e+00 2.096495866775512695e+00 -5.968214944005012512e-02 -5.848387479782104492e-01 4.058187866210937500e+02
2.642069101333618164e+00 2.315029621124267578e+00 -8.892408758401870728e-02 -5.837808251380920410e-01 4.068232727050781250e+02
2.668556213378906250e+00 2.531584024429321289e+00 -1.181131303310394287e-01 -5.837774872779846191e-01 4.078295898437500000e+02
2.676414728164672852e+00 2.750870943069458008e+00 -1.473020017147064209e-01 -5.825353264808654785e-01 4.088375244140625000e+02
2.665698766708374023e+00 2.993964672088623047e+00 -1.764287650585174561e-01 -5.644865632057189941e-01 4.098468933105468750e+02
2.637558221817016602e+00 3.280409097671508789e+00 -2.046530991792678833e-01 -5.040733814239501953e-01 4.108576354980468750e+02
2.594928264617919922e+00 3.481103181838989258e+00 -2.298567742109298706e-01 -4.625795483589172363e-01 4.118700866699218750e+02
2.536567449569702148e+00 3.673463106155395508e+00 -2.529857456684112549e-01 -3.983959555625915527e-01 4.128834533691406250e+02
2.464098453521728516e+00 3.780987501144409180e+00 -2.729055285453796387e-01 -3.493452072143554688e-01 4.138975830078125000e+02
2.376621007919311523e+00 3.868457078933715820e+00 -2.903727889060974121e-01 -2.800111174583435059e-01 4.149115295410156250e+02
2.275637149810791016e+00 3.866530656814575195e+00 -3.043733537197113037e-01 -2.248022258281707764e-01 4.159250488281250000e+02
2.160382032394409180e+00 3.836480617523193359e+00 -3.156134784221649170e-01 -1.500360667705535889e-01 4.169370117187500000e+02
2.032331466674804688e+00 3.709735155105590820e+00 -3.231152892112731934e-01 -9.006018936634063721e-02 4.179471740722656250e+02
1.890697240829467773e+00 3.549990415573120117e+00 -3.276183009147644043e-01 -9.948842227458953857e-03 4.189543151855468750e+02
1.736966848373413086e+00 3.282843589782714844e+00 -3.281157314777374268e-01 5.216540768742561340e-02 4.199582519531250000e+02
1.570092439651489258e+00 2.984409809112548828e+00 -3.255074620246887207e-01 1.374184042215347290e-01 4.209577941894531250e+02
1.391687512397766113e+00 2.562786340713500977e+00 -3.186365365982055664e-01 1.965377926826477051e-01 4.219530029296875000e+02
1.200104713439941406e+00 2.129670619964599609e+00 -3.088096380233764648e-01 2.872659862041473389e-01 4.229428100585937500e+02
9.976263642311096191e-01 1.554561972618103027e+00 -2.944463491439819336e-01 3.310775458812713623e-01 4.239278564453125000e+02
7.817991971969604492e-01 1.064371585845947266e+00 -2.778924703598022461e-01 4.273359179496765137e-01 4.249073791503906250e+02
5.586465001106262207e-01 4.391641020774841309e-01 -2.565256655216217041e-01 4.007995426654815674e-01 4.258836059570312500e+02
3.261647224426269531e-01 2.402481883764266968e-01 -2.364856898784637451e-01 5.118748545646667480e-01 4.268564453125000000e+02
1.035552024841308594e-01 -1.194029897451400757e-01 -2.108919471502304077e-01 5.039916634559631348e-01 4.278314208984375000e+02
-1.116148531436920166e-01 -3.171860575675964355e-01 -1.856923699378967285e-01 5.434498786926269531e-01 4.288080139160156250e+02
-3.118285536766052246e-01 -5.311807394027709961e-01 -1.585198789834976196e-01 5.688447952270507812e-01 4.297879028320312500e+02
-4.959114193916320801e-01 -7.548120617866516113e-01 -1.300776451826095581e-01 5.847916603088378906e-01 4.307711791992187500e+02
-6.630443334579467773e-01 -9.854316115379333496e-01 -1.008380651473999023e-01 5.936668515205383301e-01 4.317578430175781250e+02
-8.127328753471374512e-01 -1.220471620559692383e+00 -7.115472108125686646e-02 5.972135066986083984e-01 4.327478027343750000e+02
-9.446967244148254395e-01 -1.457244753837585449e+00 -4.129404574632644653e-02 5.968911647796630859e-01 4.337409362792968750e+02
-1.058779120445251465e+00 -1.693272590637207031e+00 -1.144948787987232208e-02 5.939369797706604004e-01 4.347370910644531250e+02
-1.154886484146118164e+00 -1.926510810852050781e+00 1.824736222624778748e-02 5.894002318382263184e-01 4.357360534667968750e+02
-1.232949614524841309e+00 -2.155436038970947266e+00 4.771737381815910339e-02 5.841932892799377441e-01 4.367376403808593750e+02
-1.292899489402770996e+00 -2.379056453704833984e+00 7.692703604698181152e-02 5.791573524475097656e-01 4.377416381835937500e+02
-1.334649324417114258e+00 -2.596905469894409180e+00 1.058849021792411804e-01 5.751329064369201660e-01 4.387478332519531250e+02
-1.358080267906188965e+00 -2.809102773666381836e+00 1.346415430307388306e-01 5.729953646659851074e-01 4.397559509277343750e+02
-1.363029122352600098e+00 -3.016812086105346680e+00 1.632913053035736084e-01 5.734105110168457031e-01 4.407657470703125000e+02
-1.349296569824218750e+00 -3.225510597229003906e+00 1.919618248939514160e-01 5.744132399559020996e-01 4.417769775390625000e+02
-1.316824674606323242e+00 -3.469469070434570312e+00 2.206824868917465210e-01 5.522761940956115723e-01 4.427893676757812500e+02
-1.267195463180541992e+00 -3.785285234451293945e+00 2.482962906360626221e-01 4.648380577564239502e-01 4.438031005859375000e+02
-1.204902648925781250e+00 -3.938648462295532227e+00 2.715381979942321777e-01 4.314322471618652344e-01 4.448189392089843750e+02
-1.126405715942382812e+00 -4.138443946838378906e+00 2.931098043918609619e-01 3.421773612499237061e-01 4.458351135253906250e+02
-1.035571932792663574e+00 -4.180827140808105469e+00 3.102186620235443115e-01 3.014790713787078857e-01 4.468522644042968750e+02
-9.293682575225830078e-01 -4.253733158111572266e+00 3.252926170825958252e-01 2.103779315948486328e-01 4.478683471679687500e+02
-8.113150000572204590e-01 -4.174230575561523438e+00 3.358115255832672119e-01 1.623083651065826416e-01 4.488838806152343750e+02
-6.788330674171447754e-01 -4.109629631042480469e+00 3.439269363880157471e-01 6.896380335092544556e-02 4.498967895507812500e+02
-5.350944399833679199e-01 -3.893732309341430664e+00 3.473751246929168701e-01 1.553369686007499695e-02 4.509075012207031250e+02
-3.777214288711547852e-01 -3.683160066604614258e+00 3.481518030166625977e-01 -8.092333376407623291e-02 4.519140625000000000e+02
-2.096697837114334106e-01 -3.313538789749145508e+00 3.441056311130523682e-01 -1.348127722740173340e-01 4.529169006347656250e+02
-2.827945351600646973e-02 -2.954260587692260742e+00 3.373650014400482178e-01 -2.357121407985687256e-01 4.539141845703125000e+02
1.633358597755432129e-01 -2.416150093078613281e+00 3.255794048309326172e-01 -2.817617952823638916e-01 4.549067077636718750e+02
3.687327504158020020e-01 -1.925424337387084961e+00 3.114913105964660645e-01 -3.885264694690704346e-01 4.558928222656250000e+02
5.835728645324707031e-01 -1.235502839088439941e+00 2.920649945735931396e-01 -4.069888293743133545e-01 4.568742065429687500e+02
8.123441934585571289e-01 -7.687970399856567383e-01 2.717155516147613525e-01 -5.165466070175170898e-01 4.578496398925781250e+02
1.043699026107788086e+00 -1.120671629905700684e-01 2.458882182836532593e-01 -4.293569922447204590e-01 4.588232727050781250e+02
1.281682133674621582e+00 4.231113195419311523e-02 2.244203686714172363e-01 -5.055747032165527344e-01 4.597945556640625000e+02
1.506285905838012695e+00 2.429793328046798706e-01 1.991416364908218384e-01 -5.553314089775085449e-01 4.607690124511718750e+02
1.716022729873657227e+00 4.702176451683044434e-01 1.713750660419464111e-01 -5.857614278793334961e-01 4.617468566894531250e+02
1.909726619720458984e+00 7.122864127159118652e-01 1.420869976282119751e-01 -6.032059788703918457e-01 4.627282104492187500e+02
2.086591482162475586e+00 9.629146456718444824e-01 1.119266971945762634e-01 -6.116934418678283691e-01 4.637131042480468750e+02
2.246129035949707031e+00 1.217794656753540039e+00 8.134202659130096436e-02 -6.138847470283508301e-01 4.647014770507812500e+02
2.388069868087768555e+00 1.473394393920898438e+00 5.064778774976730347e-02 -6.117100119590759277e-01 4.656932373046875000e+02
2.512271165847778320e+00 1.726805210113525391e+00 2.006228640675544739e-02 -6.066309213638305664e-01 4.666882324218750000e+02
2.618654966354370117e+00 1.975754380226135254e+00 -1.026926003396511078e-02 -5.997788310050964355e-01 4.676863098144531250e+02
2.707168340682983398e+00 2.218581199645996094e+00 -4.025820270180702209e-02 -5.920605063438415527e-01 4.686872863769531250e+02
2.777760267257690430e+00 2.454180717468261719e+00 -6.986122578382492065e-02 -5.842511653900146484e-01 4.696909484863281250e+02
2.830365657806396484e+00 2.681939601898193359e+00 -9.907378256320953369e-02 -5.770847201347351074e-01 4.706970825195312500e+02
2.864893198013305664e+00 2.901697158813476562e+00 -1.279280185699462891e-01 -5.713422894477844238e-01 4.717054443359375000e+02
2.881213188171386719e+00 3.113764286041259766e+00 -1.564951390027999878e-01 -5.679304599761962891e-01 4.727157897949218750e+02
2.879141807556152344e+00 3.319211721420288086e+00 -1.848916560411453247e-01 -5.678054690361022949e-01 4.737278442382812500e+02
2.858433723449707031e+00 3.522182941436767578e+00 -2.132819294929504395e-01 -5.704013109207153320e-01 4.747413024902343750e+02
2.818883895874023438e+00 3.752877235412597656e+00 -2.418019920587539673e-01 -5.563324093818664551e-01 4.757559204101562500e+02
2.761616230010986328e+00 4.098429679870605469e+00 -2.696186006069183350e-01 -4.522820115089416504e-01 4.767717590332031250e+02
2.692770481109619141e+00 4.237994670867919922e+00 -2.922326922416687012e-01 -4.213158786296844482e-01 4.777902221679687500e+02
2.607595443725585938e+00 4.450248718261718750e+00 -3.132984936237335205e-01 -3.176083564758300781e-01 4.788088684082031250e+02
2.511078119277954102e+00 4.468091011047363281e+00 -3.291788995265960693e-01 -2.783410549163818359e-01 4.798287658691406250e+02
2.399221420288085938e+00 4.534335136413574219e+00 -3.430959582328796387e-01 -1.769334524869918823e-01 4.808472900390625000e+02
2.276320457458496094e+00 4.425040721893310547e+00 -3.519426286220550537e-01 -1.275133490562438965e-01 4.818652648925781250e+02
2.139288902282714844e+00 4.336570262908935547e+00 -3.583182990550994873e-01 -2.752007544040679932e-02 4.828802490234375000e+02
1.991646289825439453e+00 4.085039615631103516e+00 -3.596943020820617676e-01 2.912085503339767456e-02 4.838927917480468750e+02
1.830838918685913086e+00 3.835985898971557617e+00 -3.582382500171661377e-01 1.292782723903656006e-01 4.849006958007812500e+02
1.659837126731872559e+00 3.423499345779418945e+00 -3.517743349075317383e-01 1.866590380668640137e-01 4.859044494628906250e+02
1.475965857505798340e+00 3.013865947723388672e+00 -3.424413800239562988e-01 2.885115444660186768e-01 4.869021911621093750e+02
1.282121777534484863e+00 2.426831483840942383e+00 -3.280158042907714844e-01 3.372635841369628906e-01 4.878947448730468750e+02
1.074828624725341797e+00 1.879152297973632812e+00 -3.111526370048522949e-01 4.417258799076080322e-01 4.888805236816406250e+02
8.581184148788452148e-01 1.145619153976440430e+00 -2.890663444995880127e-01 4.587893187999725342e-01 4.898612670898437500e+02
6.279653906822204590e-01 6.595224142074584961e-01 -2.661268711090087891e-01 5.605218410491943359e-01 4.908361206054687500e+02
3.967840075492858887e-01 1.723712682723999023e-02 -2.381007820367813110e-01 4.703351259231567383e-01 4.918096008300781250e+02
1.617641299962997437e-01 -1.594657748937606812e-01 -2.145840227603912354e-01 5.303692817687988281e-01 4.927815856933593750e+02
-5.896729230880737305e-02 -3.708148002624511719e-01 -1.880655586719512939e-01 5.684328675270080566e-01 4.937569580078125000e+02
-2.641400098800659180e-01 -6.028877496719360352e-01 -1.596439182758331299e-01 5.904465317726135254e-01 4.947358703613281250e+02
-4.528677463531494141e-01 -8.468422293663024902e-01 -1.301215887069702148e-01 6.010370254516601562e-01 4.957183532714843750e+02
-6.246066093444824219e-01 -1.096370816230773926e+00 -1.000697389245033264e-01 6.035372018814086914e-01 4.967044067382812500e+02
-7.790536880493164062e-01 -1.346514701843261719e+00 -6.989287585020065308e-02 6.003816723823547363e-01 4.976939392089843750e+02
-9.160510301589965820e-01 -1.593345999717712402e+00 -3.987379372119903564e-02 5.933592915534973145e-01 4.986867980957031250e+02
