6.640940666198730469e+00
6.863524436950683594e+00
7.106320381164550781e+00
7.315816879272460938e+00
7.568260192871093750e+00
7.976211547851562500e+00
8.476614952087402344e+00
8.865871429443359375e+00
9.227312088012695312e+00
9.569962501525878906e+00
9.800846099853515625e+00
9.898324012756347656e+00
9.858024597167968750e+00
9.450689315795898438e+00
9.183982849121093750e+00
8.488618850708007812e+00
7.659844398498535156e+00
6.999100208282470703e+00
6.328490257263183594e+00
5.780411720275878906e+00
5.241728782653808594e+00
4.738419532775878906e+00
4.266235828399658203e+00
3.754665374755859375e+00
3.428975582122802734e+00
3.171217679977416992e+00
2.657360553741455078e+00
2.574459075927734375e+00
2.667383670806884766e+00
3.579754829406738281e+00
4.341757774353027344e+00
4.961356639862060547e+00
5.481538772583007812e+00
6.100813865661621094e+00
6.871383666992187500e+00
7.797752857208251953e+00
8.961378097534179688e+00
9.934642791748046875e+00
1.125381565093994141e+01
1.257482242584228516e+01
1.385234165191650391e+01
1.505075645446777344e+01
1.619676208496093750e+01
1.720570755004882812e+01
1.813868331909179688e+01
1.894669342041015625e+01
1.962839698791503906e+01
2.015426445007324219e+01
2.021041107177734375e+01
2.044305419921875000e+01
1.878946685791015625e+01
1.768621063232421875e+01
1.717905426025390625e+01
1.653207969665527344e+01
1.578316307067871094e+01
1.495081520080566406e+01
1.370197105407714844e+01
1.275191593170166016e+01
1.175707054138183594e+01
1.043761634826660156e+01
9.468269348144531250e+00
8.551931381225585938e+00
7.702504634857177734e+00
6.926117897033691406e+00
6.254421710968017578e+00
5.693871974945068359e+00
5.256021022796630859e+00
4.943225860595703125e+00
4.818609714508056641e+00
4.785196304321289062e+00
4.597256660461425781e+00
4.856098651885986328e+00
5.482379436492919922e+00
6.052656173706054688e+00
6.900671482086181641e+00
7.771721839904785156e+00
8.405852317810058594e+00
9.021822929382324219e+00
9.498828887939453125e+00
9.902839660644531250e+00
1.024717712402343750e+01
1.018157768249511719e+01
1.037145423889160156e+01
1.048053646087646484e+01
1.050269317626953125e+01
1.043801498413085938e+01
1.029067707061767578e+01
1.006322479248046875e+01
9.763458251953125000e+00
9.404612541198730469e+00
8.980457305908203125e+00
8.489988327026367188e+00
7.641237258911132812e+00
7.086112499237060547e+00
6.552515983581542969e+00
5.991859912872314453e+00
5.457824230194091797e+00
4.939323425292968750e+00
4.539827823638916016e+00
4.183183670043945312e+00
3.875478267669677734e+00
3.642256021499633789e+00
3.490137100219726562e+00
3.085875988006591797e+00
3.096290588378906250e+00
3.226759910583496094e+00
3.561133623123168945e+00
4.077282428741455078e+00
4.719598770141601562e+00
5.388828277587890625e+00
6.021837234497070312e+00
6.542327880859375000e+00
6.858389854431152344e+00
7.042471885681152344e+00
6.864591598510742188e+00
7.168082237243652344e+00
7.511885643005371094e+00
7.789212703704833984e+00
8.054767608642578125e+00
8.461761474609375000e+00
8.639613151550292969e+00
8.625675201416015625e+00
8.432434082031250000e+00
8.110538482666015625e+00
7.735987663269042969e+00
6.947524070739746094e+00
6.479169845581054688e+00
6.031288146972656250e+00
5.522477626800537109e+00
4.920126438140869141e+00
4.301757335662841797e+00
3.660783052444458008e+00
3.082598686218261719e+00
2.638809442520141602e+00
2.292024135589599609e+00
2.004569292068481445e+00
1.449804067611694336e+00
1.300157070159912109e+00
1.221148490905761719e+00
1.208346009254455566e+00
1.256229519844055176e+00
1.340299367904663086e+00
1.434998869895935059e+00
1.520620584487915039e+00
1.587899208068847656e+00
1.639966249465942383e+00
1.680225014686584473e+00
1.372950792312622070e+00
1.388403773307800293e+00
1.392540931701660156e+00
1.382888913154602051e+00
1.361451148986816406e+00
1.329655885696411133e+00
1.289982080459594727e+00
1.249039173126220703e+00
1.211039066314697266e+00
1.182927608489990234e+00
1.173684120178222656e+00
8.571671843528747559e-01
9.125428199768066406e-01
1.012415647506713867e+00
1.163768410682678223e+00
1.370404958724975586e+00
1.638648152351379395e+00
1.965599298477172852e+00
2.345238447189331055e+00
2.756826639175415039e+00
3.174068927764892578e+00
3.563458919525146484e+00
3.557370662689208984e+00
3.804787397384643555e+00
3.958556652069091797e+00
4.029702663421630859e+00
4.038594722747802734e+00
3.997750520706176758e+00
3.914789438247680664e+00
3.795023679733276367e+00
3.643056154251098633e+00
3.463561058044433594e+00
3.261195659637451172e+00
2.703788518905639648e+00
2.466314077377319336e+00
2.221655368804931641e+00
1.978609323501586914e+00
1.747455835342407227e+00
1.541023969650268555e+00
1.374850392341613770e+00
1.265697240829467773e+00
1.231918096542358398e+00
1.290028572082519531e+00
1.451145648956298828e+00
1.380270361900329590e+00
1.741852521896362305e+00
2.221992969512939453e+00
2.808756351470947266e+00
3.389011383056640625e+00
3.886664390563964844e+00
4.312825202941894531e+00
4.660948276519775391e+00
4.926617622375488281e+00
5.104450225830078125e+00
5.201981067657470703e+00
4.894652366638183594e+00
4.862664699554443359e+00
4.781254768371582031e+00
4.656250953674316406e+00
4.492144107818603516e+00
4.292858123779296875e+00
4.062407016754150391e+00
3.805491924285888672e+00
3.527857780456542969e+00
3.236216068267822266e+00
2.936677217483520508e+00
2.300093650817871094e+00
2.006172418594360352e+00
1.733838677406311035e+00
1.499260544776916504e+00
1.318717956542968750e+00
1.210878610610961914e+00
1.193658828735351562e+00
1.282835483551025391e+00
1.487138271331787109e+00
1.806251287460327148e+00
2.230883598327636719e+00
2.400856494903564453e+00
2.946322917938232422e+00
3.476791858673095703e+00
3.936260461807250977e+00
4.296389579772949219e+00
4.560914993286132812e+00
4.714202880859375000e+00
4.761716365814208984e+00
4.737417221069335938e+00
4.660111427307128906e+00
4.536037921905517578e+00
4.035969734191894531e+00
3.840528964996337891e+00
3.626175880432128906e+00
3.403651952743530273e+00
3.176181316375732422e+00
2.949215888977050781e+00
2.728921890258789062e+00
2.518374443054199219e+00
2.319717168807983398e+00
2.136697292327880859e+00
1.973608374595642090e+00
1.509041547775268555e+00
1.556048274040222168e+00
1.897090315818786621e+00
2.423816442489624023e+00
2.972649097442626953e+00
3.449736118316650391e+00
3.860381603240966797e+00
4.288355350494384766e+00
4.923168659210205078e+00
6.068260192871093750e+00
7.515114784240722656e+00
8.789859771728515625e+00
1.025261878967285156e+01
1.205112266540527344e+01
1.321456146240234375e+01
1.514266014099121094e+01
1.609740829467773438e+01
1.715151596069335938e+01
1.828186416625976562e+01
1.892701911926269531e+01
1.952261924743652344e+01
2.007886886596679688e+01
2.024057769775390625e+01
2.074705314636230469e+01
2.090852165222167969e+01
2.060854339599609375e+01
2.052332687377929688e+01
1.994925689697265625e+01
1.985130500793457031e+01
1.931750869750976562e+01
1.900397872924804688e+01
1.835566902160644531e+01
1.735996627807617188e+01
1.642384719848632812e+01
1.592403793334960938e+01
1.437293815612792969e+01
1.348015594482421875e+01
1.328415298461914062e+01
1.252150917053222656e+01
1.164770507812500000e+01
1.054961776733398438e+01
9.523159027099609375e+00
8.545604705810546875e+00
7.546836376190185547e+00
6.231964111328125000e+00
5.242670059204101562e+00
4.382549285888671875e+00
3.508734464645385742e+00
3.053641796112060547e+00
2.561972618103027344e+00
2.563767194747924805e+00
2.531959533691406250e+00
2.689290523529052734e+00
2.778845787048339844e+00
2.803537845611572266e+00
2.481999874114990234e+00
2.503484725952148438e+00
2.520448923110961914e+00
2.519412040710449219e+00
2.502486705780029297e+00
2.471300125122070312e+00
2.430786609649658203e+00
2.384942293167114258e+00
2.338891983032226562e+00
2.295546531677246094e+00
2.264864921569824219e+00
1.905730009078979492e+00
1.914551496505737305e+00
1.937085986137390137e+00
2.014011621475219727e+00
2.152478694915771484e+00
2.372541427612304688e+00
2.677226066589355469e+00
3.075180053710937500e+00
3.566855430603027344e+00
4.162472724914550781e+00
4.867943763732910156e+00
5.353955268859863281e+00
6.287787437438964844e+00
7.358985900878906250e+00
8.498752593994140625e+00
9.765213012695312500e+00
1.106911277770996094e+01
1.237257385253906250e+01
1.351144981384277344e+01
1.453658962249755859e+01
1.529350662231445312e+01
1.584104728698730469e+01
1.588633346557617188e+01
1.608284759521484375e+01
1.615054321289062500e+01
1.610209083557128906e+01
1.593772602081298828e+01
1.566038703918457031e+01
1.527819919586181641e+01
1.479494094848632812e+01
1.421080398559570312e+01
1.354082107543945312e+01
1.279857158660888672e+01
1.166649627685546875e+01
1.083327198028564453e+01
9.972511291503906250e+00
9.098884582519531250e+00
8.249306678771972656e+00
7.400528430938720703e+00
6.618640899658203125e+00
5.866584777832031250e+00
5.188124656677246094e+00
4.589524269104003906e+00
4.080258369445800781e+00
3.328583240509033203e+00
3.037290573120117188e+00
2.857549667358398438e+00
2.805635929107666016e+00
2.871953010559082031e+00
3.003258466720581055e+00
3.213119983673095703e+00
3.482314109802246094e+00
3.691736221313476562e+00
3.906760692596435547e+00
4.073510169982910156e+00
3.826215744018554688e+00
3.892681598663330078e+00
3.932227611541748047e+00
3.941097259521484375e+00
3.919009208679199219e+00
3.864788055419921875e+00
3.781434774398803711e+00
3.673857212066650391e+00
3.546590566635131836e+00
3.407351255416870117e+00
3.264705181121826172e+00
2.780839204788208008e+00
2.655277013778686523e+00
2.560531616210937500e+00
2.506167888641357422e+00
2.505411148071289062e+00
2.563644409179687500e+00
2.696653127670288086e+00
2.910851478576660156e+00
3.213940382003784180e+00
3.605879306793212891e+00
4.117965698242187500e+00
4.367534637451171875e+00
5.089124202728271484e+00
5.908143043518066406e+00
6.849807739257812500e+00
7.885831832885742188e+00
8.993663787841796875e+00
1.013320732116699219e+01
1.122240352630615234e+01
1.216251373291015625e+01
1.299215316772460938e+01
1.366400146484375000e+01
1.381999206542968750e+01
1.418215179443359375e+01
1.442789077758789062e+01
1.455718803405761719e+01
1.456713199615478516e+01
1.445952033996582031e+01
1.423731613159179688e+01
1.390691566467285156e+01
1.345904159545898438e+01
1.291566276550292969e+01
1.229009437561035156e+01
1.125907135009765625e+01
1.051395893096923828e+01
9.727948188781738281e+00
8.917328834533691406e+00
8.107129096984863281e+00
7.288629531860351562e+00
6.508489608764648438e+00
5.748878479003906250e+00
5.045147895812988281e+00
4.401880741119384766e+00
3.837384700775146484e+00
3.014241456985473633e+00
2.623528480529785156e+00
2.336633920669555664e+00
2.151965618133544922e+00
2.061834812164306641e+00
2.047498703002929688e+00
2.115757465362548828e+00
2.196718454360961914e+00
2.301962375640869141e+00
2.385969161987304688e+00
2.455636262893676758e+00
2.166311979293823242e+00
2.211231708526611328e+00
2.244330406188964844e+00
2.262857198715209961e+00
2.268515110015869141e+00
2.257830619812011719e+00
2.229723453521728516e+00
2.189923763275146484e+00
2.148722648620605469e+00
2.116071701049804688e+00
2.092685699462890625e+00
1.750825047492980957e+00
1.780537605285644531e+00
1.841288208961486816e+00
1.954411029815673828e+00
2.128367900848388672e+00
2.368486881256103516e+00
2.683678865432739258e+00
3.074322700500488281e+00
3.510464191436767578e+00
4.040583610534667969e+00
4.620589256286621094e+00
4.986556529998779297e+00
5.782855033874511719e+00
6.679560184478759766e+00
7.575024127960205078e+00
8.494044303894042969e+00
9.293909072875976562e+00
1.000693511962890625e+01
1.055002403259277344e+01
1.094011688232421875e+01
1.120948410034179688e+01
1.137545204162597656e+01
1.109543037414550781e+01
1.106649971008300781e+01
1.094394111633300781e+01
1.071805000305175781e+01
1.038819503784179688e+01
9.977319717407226562e+00
9.508943557739257812e+00
8.982925415039062500e+00
8.395126342773437500e+00
7.767716407775878906e+00
7.121449470520019531e+00
6.121340751647949219e+00
5.478920936584472656e+00
4.856388568878173828e+00
4.272224426269531250e+00
3.740185260772705078e+00
3.268263578414916992e+00
2.864616155624389648e+00
2.534126758575439453e+00
2.281500339508056641e+00
2.119882822036743164e+00
2.046384334564208984e+00
1.717736959457397461e+00
1.794008970260620117e+00
1.924478530883789062e+00
2.069590568542480469e+00
2.203041076660156250e+00
2.292664766311645508e+00
2.348363876342773438e+00
2.388552665710449219e+00
2.415050506591796875e+00
2.424161911010742188e+00
2.415745019912719727e+00
2.041486978530883789e+00
