5.387178421020507812e+01
5.977009963989257812e+01
6.591483306884765625e+01
7.200025177001953125e+01
7.839653015136718750e+01
8.417555236816406250e+01
9.068115234375000000e+01
9.466281127929687500e+01
9.754837036132812500e+01
1.008261871337890625e+02
1.038199005126953125e+02
1.056552886962890625e+02
1.067498397827148438e+02
9.599307250976562500e+01
9.278296661376953125e+01
7.526869201660156250e+01
6.718346405029296875e+01
6.747635650634765625e+01
6.690097808837890625e+01
6.511308288574218750e+01
6.140592956542968750e+01
5.696911239624023438e+01
5.292352294921875000e+01
4.818241882324218750e+01
4.679920578002929688e+01
4.808619689941406250e+01
1.905331802368164062e+01
1.998921775817871094e+01
2.075797653198242188e+01
2.287053680419921875e+01
2.696758651733398438e+01
3.179287147521972656e+01
3.726731872558593750e+01
4.407382965087890625e+01
5.275740814208984375e+01
6.410952758789062500e+01
7.936393737792968750e+01
6.516153717041015625e+01
8.456152343750000000e+01
1.074437484741210938e+02
1.336860351562500000e+02
1.630477294921875000e+02
1.963422393798828125e+02
2.326634979248046875e+02
2.741707153320312500e+02
3.207024230957031250e+02
3.738863525390625000e+02
4.346605834960937500e+02
4.724569091796875000e+02
5.526925048828125000e+02
2.551887512207031250e+02
1.804075317382812500e+02
1.743769073486328125e+02
1.666882019042968750e+02
1.581710815429687500e+02
1.494671936035156250e+02
1.273835144042968750e+02
1.191240158081054688e+02
1.115155181884765625e+02
7.209734344482421875e+01
6.440318298339843750e+01
5.830056762695312500e+01
5.379085540771484375e+01
5.052574920654296875e+01
4.860876464843750000e+01
4.784891891479492188e+01
4.810440063476562500e+01
4.924344635009765625e+01
5.131683349609375000e+01
5.401918029785156250e+01
2.453509521484375000e+01
2.625731086730957031e+01
3.054929161071777344e+01
3.497806549072265625e+01
4.207479858398437500e+01
4.975714111328125000e+01
5.695287322998046875e+01
6.359276580810546875e+01
6.908025360107421875e+01
7.328347015380859375e+01
7.772335815429687500e+01
4.944266891479492188e+01
5.134085845947265625e+01
5.236870193481445312e+01
5.182138824462890625e+01
4.861691284179687500e+01
4.226335525512695312e+01
3.527254486083984375e+01
3.061705017089843750e+01
3.156481933593750000e+01
3.504273986816406250e+01
4.312525939941406250e+01
2.321099662780761719e+01
2.702593612670898438e+01
2.735021591186523438e+01
2.479477500915527344e+01
2.160522842407226562e+01
1.954169082641601562e+01
2.156253051757812500e+01
2.725210189819335938e+01
3.263661193847656250e+01
3.635932159423828125e+01
3.992344284057617188e+01
1.082161521911621094e+01
1.248116493225097656e+01
1.474675559997558594e+01
1.802312850952148438e+01
2.260056304931640625e+01
2.836803054809570312e+01
3.508106994628906250e+01
4.216659545898437500e+01
4.895169067382812500e+01
5.476117706298828125e+01
5.976642608642578125e+01
3.166847991943359375e+01
3.542116546630859375e+01
3.980206298828125000e+01
4.395674896240234375e+01
4.836498260498046875e+01
5.453780364990234375e+01
5.894464111328125000e+01
6.172946548461914062e+01
6.313349151611328125e+01
6.372401428222656250e+01
6.426204681396484375e+01
3.143718910217285156e+01
2.944388198852539062e+01
2.810573387145996094e+01
2.699141120910644531e+01
2.606027221679687500e+01
2.579381942749023438e+01
2.615009307861328125e+01
2.604409217834472656e+01
2.727298927307128906e+01
3.207176971435546875e+01
3.818429946899414062e+01
1.185242843627929688e+01
1.303928184509277344e+01
1.347069358825683594e+01
1.401899147033691406e+01
1.524893665313720703e+01
1.732454681396484375e+01
2.007610702514648438e+01
2.326917266845703125e+01
2.678221702575683594e+01
3.052538299560546875e+01
3.444375610351562500e+01
5.957749366760253906e+00
7.578317642211914062e+00
9.519116401672363281e+00
1.180294036865234375e+01
1.444686126708984375e+01
1.745735931396484375e+01
2.082472610473632812e+01
2.451425552368164062e+01
2.847254562377929688e+01
3.261184692382812500e+01
3.679383468627929688e+01
8.773318290710449219e+00
1.000357246398925781e+01
1.123079872131347656e+01
1.264190483093261719e+01
1.453323459625244141e+01
1.722726440429687500e+01
2.086643409729003906e+01
2.521665954589843750e+01
3.000851440429687500e+01
3.498806762695312500e+01
4.001267623901367188e+01
1.194901752471923828e+01
1.429204082489013672e+01
1.662837600708007812e+01
1.897230911254882812e+01
2.138539123535156250e+01
2.391136169433593750e+01
2.657734680175781250e+01
2.939782714843750000e+01
3.237952804565429688e+01
3.552308654785156250e+01
3.882210540771484375e+01
9.164580345153808594e+00
1.015949249267578125e+01
1.150511932373046875e+01
1.323125743865966797e+01
1.535353374481201172e+01
1.787121391296386719e+01
2.076733398437500000e+01
2.401066970825195312e+01
2.756486701965332031e+01
3.139854812622070312e+01
3.549559783935546875e+01
6.762155532836914062e+00
8.850134849548339844e+00
1.157779502868652344e+01
1.508843231201171875e+01
1.917613410949707031e+01
2.353772354125976562e+01
2.810499572753906250e+01
3.278257369995117188e+01
3.744969177246093750e+01
4.196648406982421875e+01
4.628442382812500000e+01
1.728886795043945312e+01
1.862973785400390625e+01
2.002346420288085938e+01
2.152630615234375000e+01
2.318549346923828125e+01
2.503989028930664062e+01
2.712075614929199219e+01
2.945166015625000000e+01
3.204815673828125000e+01
3.491599655151367188e+01
3.804448699951171875e+01
8.317853927612304688e+00
9.332934379577636719e+00
1.077199268341064453e+01
1.264218711853027344e+01
1.493025588989257812e+01
1.761189270019531250e+01
2.066028976440429688e+01
2.405990219116210938e+01
2.781376457214355469e+01
3.194160079956054688e+01
3.648477554321289062e+01
8.388756752014160156e+00
1.120114421844482422e+01
1.441146278381347656e+01
1.714780044555664062e+01
1.849245452880859375e+01
1.912182235717773438e+01
2.178438377380371094e+01
2.752645683288574219e+01
2.783302307128906250e+01
3.081035041809082031e+01
3.525594329833984375e+01
7.112706184387207031e+00
8.364769935607910156e+00
9.737154006958007812e+00
1.146216487884521484e+01
1.371023559570312500e+01
1.650900268554687500e+01
1.974279403686523438e+01
2.322914695739746094e+01
2.686593437194824219e+01
3.070862197875976562e+01
3.490766143798828125e+01
6.636736869812011719e+00
8.678380966186523438e+00
1.149659061431884766e+01
1.499367141723632812e+01
1.895663833618164062e+01
2.307138442993164062e+01
2.721513175964355469e+01
3.160950469970703125e+01
3.720268249511718750e+01
4.636828613281250000e+01
5.925405120849609375e+01
4.300238037109375000e+01
5.815142822265625000e+01
7.978266906738281250e+01
9.643873596191406250e+01
1.256323089599609375e+02
1.433674316406250000e+02
1.635115356445312500e+02
1.866209716796875000e+02
2.018254089355468750e+02
2.179314270019531250e+02
2.334987792968750000e+02
2.149353027343750000e+02
2.268951416015625000e+02
2.309665222167968750e+02
2.253378448486328125e+02
2.246759338378906250e+02
2.147971954345703125e+02
2.145513916015625000e+02
2.064274902343750000e+02
2.028116607666015625e+02
1.942604675292968750e+02
1.804081420898437500e+02
1.417375793457031250e+02
1.347995300292968750e+02
1.136193542480468750e+02
1.032588348388671875e+02
1.030705032348632812e+02
9.639595031738281250e+01
8.914138031005859375e+01
8.087892913818359375e+01
7.441015625000000000e+01
6.964196014404296875e+01
6.577682495117187500e+01
2.940780639648437500e+01
2.520994949340820312e+01
2.282137680053710938e+01
2.108332061767578125e+01
2.082949829101562500e+01
2.264147949218750000e+01
2.733068084716796875e+01
3.056845283508300781e+01
3.838162994384765625e+01
4.117419433593750000e+01
4.212510681152343750e+01
1.157405567169189453e+01
9.180522918701171875e+00
9.448009490966796875e+00
1.273344421386718750e+01
1.674960517883300781e+01
1.945457077026367188e+01
2.241377067565917969e+01
2.563269424438476562e+01
2.910955429077148438e+01
3.279699707031250000e+01
3.671267318725585938e+01
7.741228103637695312e+00
9.416624069213867188e+00
1.133482170104980469e+01
1.367609691619873047e+01
1.643274497985839844e+01
1.966857147216796875e+01
2.340806770324707031e+01
2.773942565917968750e+01
3.276968383789062500e+01
3.860928344726562500e+01
4.547380828857421875e+01
2.052093887329101562e+01
2.758021163940429688e+01
3.678276062011718750e+01
4.792316818237304688e+01
6.195225524902343750e+01
7.809838867187500000e+01
9.594853973388671875e+01
1.131962432861328125e+02
1.302431793212890625e+02
1.444636230468750000e+02
1.562792510986328125e+02
1.328641662597656250e+02
1.373567810058593750e+02
1.400830688476562500e+02
1.412126159667968750e+02
1.407726898193359375e+02
1.388661193847656250e+02
1.356953735351562500e+02
1.314353637695312500e+02
1.262644882202148438e+02
1.205100250244140625e+02
1.145460662841796875e+02
7.564698791503906250e+01
6.770863342285156250e+01
6.058391571044921875e+01
5.452149200439453125e+01
4.995299530029296875e+01
4.629795074462890625e+01
4.433118438720703125e+01
4.321456146240234375e+01
4.329623413085937500e+01
4.436225891113281250e+01
4.624165344238281250e+01
1.572204685211181641e+01
1.627191543579101562e+01
1.746192741394042969e+01
1.927241897583007812e+01
2.166757202148437500e+01
2.446005630493164062e+01
2.775127220153808594e+01
3.144576263427734375e+01
3.519840240478515625e+01
3.918341827392578125e+01
4.322077560424804688e+01
1.418218803405761719e+01
1.565832996368408203e+01
1.736283111572265625e+01
1.929584312438964844e+01
2.142634391784667969e+01
2.379656791687011719e+01
2.641454315185546875e+01
2.928230285644531250e+01
3.239807891845703125e+01
3.575290298461914062e+01
3.932341003417968750e+01
1.007329940795898438e+01
1.142971229553222656e+01
1.315662765502929688e+01
1.524894809722900391e+01
1.775396728515625000e+01
2.070055770874023438e+01
2.408963012695312500e+01
2.797505569458007812e+01
3.238874435424804688e+01
3.738479995727539062e+01
4.316403198242187500e+01
1.678298759460449219e+01
2.196677970886230469e+01
2.855427742004394531e+01
3.699249267578125000e+01
4.713240814208984375e+01
5.933850097656250000e+01
7.314044189453125000e+01
8.768577575683593750e+01
1.013767547607421875e+02
1.148585357666015625e+02
1.268740997314453125e+02
1.045636901855468750e+02
1.108029632568359375e+02
1.155941467285156250e+02
1.189482116699218750e+02
1.208454742431640625e+02
1.213098449707031250e+02
1.204376144409179688e+02
1.183736572265625000e+02
1.151698913574218750e+02
1.111705627441406250e+02
1.067594909667968750e+02
6.977658843994140625e+01
6.279996871948242188e+01
5.625038146972656250e+01
5.056647491455078125e+01
4.598109054565429688e+01
4.240761566162109375e+01
4.013426589965820312e+01
3.893813705444335938e+01
3.889163970947265625e+01
3.984938430786132812e+01
4.169704437255859375e+01
1.165922164916992188e+01
1.207211494445800781e+01
1.313565349578857422e+01
1.480012702941894531e+01
1.698144149780273438e+01
1.959499168395996094e+01
2.264310264587402344e+01
2.597166061401367188e+01
2.959096527099609375e+01
3.338540649414062500e+01
3.734011840820312500e+01
8.895534515380859375e+00
1.032865238189697266e+01
1.208144950866699219e+01
1.414756488800048828e+01
1.653164291381835938e+01
1.921499252319335938e+01
2.218591880798339844e+01
2.543915176391601562e+01
2.896577072143554688e+01
3.275012207031250000e+01
3.674183654785156250e+01
8.528640747070312500e+00
1.020844078063964844e+01
1.213321208953857422e+01
1.448170471191406250e+01
1.725511169433593750e+01
2.049100112915039062e+01
2.420923614501953125e+01
2.848550987243652344e+01
3.321739196777343750e+01
3.867737960815429688e+01
4.474478530883789062e+01
1.968065261840820312e+01
2.512567138671875000e+01
3.213403320312500000e+01
4.013340759277343750e+01
4.952010345458984375e+01
5.880645751953125000e+01
6.808860015869140625e+01
7.633946990966796875e+01
8.348002624511718750e+01
8.968566894531250000e+01
9.498924255371093750e+01
6.757608795166015625e+01
6.811118316650390625e+01
6.799655914306640625e+01
6.716395568847656250e+01
6.570028686523437500e+01
6.392288208007812500e+01
6.213993835449218750e+01
6.045154571533203125e+01
5.888766098022460938e+01
5.769409942626953125e+01
5.702992630004882812e+01
2.506771469116210938e+01
2.276203918457031250e+01
2.134685897827148438e+01
2.088854408264160156e+01
2.132780838012695312e+01
2.257076644897460938e+01
2.451246070861816406e+01
2.704591369628906250e+01
3.005782318115234375e+01
3.346595764160156250e+01
3.718289566040039062e+01
9.189904212951660156e+00
1.044924354553222656e+01
1.215836715698242188e+01
1.426457118988037109e+01
1.671146965026855469e+01
1.943565368652343750e+01
2.225559806823730469e+01
2.491100692749023438e+01
2.734166145324707031e+01
3.086404037475585938e+01
3.553465652465820312e+01
9.278282165527343750e+00
